1742918928384 -0.3840841426577998 0
1742919128202 -0.0045399850270050265 1
1742919325811 0.0023932073623325833 2
1742919519149 0.003167445135810586 3
1742919712006 0.00775866401393753 4
1742919905110 0.004159925519037482 5
1742920097671 0.006178186540363096 6
1742920292534 0.006716464796641438 7
1742920487133 0.005782907548912386 8
1742920679640 0.003262868940367703 9
1742920876093 0.006360735620514298 10
1742921068200 -0.0015089612667216286 11
1742921262995 0.008490383864148349 12
1742921459876 0.008932698100442022 13
1742921654962 0.010735577829827248 14
1742921852668 0.016339669772578103 15
1742922045012 0.02824347294352063 16
1742922241249 0.063216424778957 17
1742922439968 0.05749800906661615 18
1742922633454 0.08245622854970462 19
1742922827235 0.10667286804542403 20
1742923018107 0.08193742494129265 21
1742923213816 0.09972704593143696 22
1742923407516 0.032429486076257036 23
1742923604203 0.10794010654894699 24
1742923802412 0.12181102548307662 25
1742923998402 0.10026095887376547 26
1742924194999 0.07857396264659697 27
1742924388587 0.1117969616105222 28
1742924586380 0.14700843044236522 29
1742924781844 0.14101656481102154 30
1742924975327 0.13879706548681833 31
1742925169908 0.17936637846642545 32
1742925367610 0.08602650303822208 33
1742925562155 0.17055001071325868 34
1742925759748 0.16737679327242014 35
1742925957919 0.1548972441186555 36
1742926155778 0.17577203160235327 37
1742926351837 0.09522259234501258 38
1742926546768 0.18193361526257903 39
1742926743712 0.1382652710206174 40
1742926939464 0.15082529809394965 41
1742927132790 0.09529674343605642 42
1742927329326 0.19129288802787095 43
1742927524432 0.1955355603329608 44
1742927715141 0.17410674473007395 45
1742927908190 0.19986909311498452 46
1742928099025 0.2200904058656881 47
1742928294660 0.19330524251234035 48
1742928487685 0.20815788633134383 49
1742928682028 0.14018152247323667 50
1742928877858 0.25180140227145026 51
1742929071867 0.2211479213906671 52
1742929265914 0.19570309488080878 53
1742929461478 0.19666948118006963 54
1742929656736 0.20056505413703776 55
1742929850417 0.22872663504800633 56
1742930045472 0.22770704116950144 57
1742930238462 0.24828741487839312 58
1742930433955 0.2299270080978366 59
1742930628647 0.20533002897645064 60
1742930822594 0.20618744656197716 61
1742931010998 0.23935702760094496 62
1742931202511 0.21916071656608777 63
1742931391937 0.23122896763113887 64
1742931583892 0.21921869531711033 65
1742931773632 0.23051545139990717 66
1742931962450 0.25340818867075926 67
1742932154184 0.25742529847468126 68
1742932344417 0.2640842422677498 69
1742932532800 0.2547446817888693 70
1742932724197 0.25460209019675434 71
1742932915002 0.23815204315117197 72
1742933103555 0.25982562546799376 73
1742933294957 0.21097395982590542 74
1742933483883 0.24661219387755395 75
1742933672742 0.2864084118575811 76
1742933864655 0.2906256328623476 77
1742934053417 0.237692984605851 78
1742934244770 0.25198427813370017 79
1742934433655 0.2058886657572793 80
1742934625104 0.24911663869380857 81
1742934815935 0.2685285399702598 82
1742935003882 0.22752147345693896 83
1742935195517 0.2346244420423286 84
1742935385729 0.21790924919313648 85
1742935574872 0.24286456205590548 86
1742935765323 0.27186830798904843 87
1742935955169 0.24329283257884934 88
1742936144780 0.2584140953795184 89
1742936334636 0.27236739359729356 90
1742936524478 0.2420444948359685 91
1742936714066 0.2645664886996249 92
1742936906675 0.21657816767441251 93
1742937101852 0.26390404183291294 94
1742937295925 0.2690106625007205 95
1742937490445 0.25548555899872655 96
1742937684233 0.2331614655251646 97
1742937877669 0.23682013377301336 98
1742938075145 0.011534133451007457 99
