1742918928384 -0.4596031830133584 0
1742919128202 0.005802051024488908 1
1742919325811 0.00885759634546546 2
1742919519149 0.007392437692161426 3
1742919712006 0.013805624660452532 4
1742919905110 0.009518712622088251 5
1742920097671 0.012307261917728383 6
1742920292534 0.013805103775264954 7
1742920487133 0.010809677001841003 8
1742920679640 0.007815591956629559 9
1742920876093 0.012889102962622441 10
1742921068200 -0.0019554184301708182 11
1742921262995 0.0137913413158193 12
1742921459876 0.014132769317751617 13
1742921654962 0.01430639744334054 14
1742921852668 0.014043535316813162 15
1742922045012 0.045889876543852265 16
1742922241249 0.09544392604168737 17
1742922439968 0.08788805394918149 18
1742922633454 0.12820868492255388 19
1742922827235 0.14697075164875328 20
1742923018107 0.1473829726466377 21
1742923213816 0.1593322688491339 22
1742923407516 0.09260397253769041 23
1742923604203 0.16287995360418892 24
1742923802412 0.1774679740857494 25
1742923998402 0.1720624944159748 26
1742924194999 0.1358314520573263 27
1742924388587 0.18200641353129257 28
1742924586380 0.24754752615499764 29
1742924781844 0.25454846564990447 30
1742924975327 0.2565973425051762 31
1742925169908 0.2779142919996364 32
1742925367610 0.15683020405380346 33
1742925562155 0.2574094581787181 34
1742925759748 0.3019080115065896 35
1742925957919 0.29855840598747274 36
1742926155778 0.3151719009183936 37
1742926351837 0.14057347861154848 38
1742926546768 0.2870921913803027 39
1742926743712 0.23428846045435844 40
1742926939464 0.25419845317754614 41
1742927132790 0.18953716895511652 42
1742927329326 0.29616505396213255 43
1742927524432 0.29426510901878555 44
1742927715141 0.3222136622274524 45
1742927908190 0.31266832077189194 46
1742928099025 0.35335226347568754 47
1742928294660 0.3008730865383525 48
1742928487685 0.3028823633300242 49
1742928682028 0.2237681388727879 50
1742928877858 0.3751159003165849 51
1742929071867 0.3679075512450813 52
1742929265914 0.3308607305465296 53
1742929461478 0.2901176549120109 54
1742929656736 0.2932705159082515 55
1742929850417 0.4010086339989033 56
1742930045472 0.35618078614270343 57
1742930238462 0.37143181908570005 58
1742930433955 0.4194494057258099 59
1742930628647 0.3089199661546421 60
1742930822594 0.3430178557194271 61
1742931010998 0.3566235920788491 62
1742931202511 0.3343774468283131 63
1742931391937 0.40699388641168577 64
1742931583892 0.320201495756975 65
1742931773632 0.3997162801586806 66
1742931962450 0.4498417010151901 67
1742932154184 0.4167385381272463 68
1742932344417 0.4499891112663126 69
1742932532800 0.44110278685976967 70
1742932724197 0.44259628979359733 71
1742932915002 0.380614983622134 72
1742933103555 0.4179459016589154 73
1742933294957 0.35126017661313497 74
1742933483883 0.43098695181076646 75
1742933672742 0.44115443341258365 76
1742933864655 0.42136848186809206 77
1742934053417 0.4079185166949083 78
1742934244770 0.34987615900699764 79
1742934433655 0.34395265020053356 80
1742934625104 0.43977973940973103 81
1742934815935 0.4453770609085631 82
1742935003882 0.34728886471823706 83
1742935195517 0.3753864068262093 84
1742935385729 0.33976667284502043 85
1742935574872 0.40196514477751094 86
1742935765323 0.3937913983000132 87
1742935955169 0.3899770267257223 88
1742936144780 0.3956307238413564 89
1742936334636 0.39427011589579575 90
1742936524478 0.4004125981392277 91
1742936714066 0.4419213079626388 92
1742936906675 0.35837857486143343 93
1742937101852 0.41733811847286834 94
1742937295925 0.3747215708878997 95
1742937490445 0.37298501911069215 96
1742937684233 0.3698167470330074 97
1742937877669 0.4179131531750736 98
1742938075145 0.038588060157842996 99
