1742918928384 0.0029963485972298036 0
1742919128202 0.00241252151969169 1
1742919325811 0.002428260564696617 2
1742919519149 0.002411515827264663 3
1742919712006 0.002378221268690732 4
1742919905110 0.002405360924776878 5
1742920097671 0.0024205538598084625 6
1742920292534 0.002414772342776528 7
1742920487133 0.002421872061840096 8
1742920679640 0.0024099426903319058 9
1742920876093 0.0024155983005298655 10
1742921068200 0.0024202229040739993 11
1742921262995 0.002398943586333596 12
1742921459876 0.0024173090126938545 13
1742921654962 0.0024130306018588063 14
1742921852668 0.002390045698706087 15
1742922045012 0.002422147480546256 16
1742922241249 0.0023829253391245498 17
1742922439968 0.0024000264368821064 18
1742922633454 0.002392661185459709 19
1742922827235 0.0024036773206939648 20
1742923018107 0.0024235450896317257 21
1742923213816 0.002366439140177091 22
1742923407516 0.002407683911521665 23
1742923604203 0.0023865965821851906 24
1742923802412 0.002390882511170568 25
1742923998402 0.002401532498644209 26
1742924194999 0.0023927571479120404 27
1742924388587 0.002389878597130048 28
1742924586380 0.002391052922442347 29
1742924781844 0.002392602281342098 30
1742924975327 0.002381699014832819 31
1742925169908 0.002369111396903107 32
1742925367610 0.0023681887163344278 33
1742925562155 0.0024077986970289862 34
1742925759748 0.0023677595406673014 35
1742925957919 0.0023539229129258725 36
1742926155778 0.0023692415231819286 37
1742926351837 0.0023572845775243286 38
1742926546768 0.0023847133758920732 39
1742926743712 0.0023470537967400272 40
1742926939464 0.0023664159181697123 41
1742927132790 0.002357329391317533 42
1742927329326 0.002357396438401974 43
1742927524432 0.002360688890021138 44
1742927715141 0.0023577394007894023 45
1742927908190 0.002353222343836214 46
1742928099025 0.0023561521751604246 47
1742928294660 0.0023454073617085033 48
1742928487685 0.0023485918491069307 49
1742928682028 0.0023766030949032443 50
1742928877858 0.002360471947626634 51
1742929071867 0.0023454801721654677 52
1742929265914 0.00232902361923451 53
1742929461478 0.0023552869398544146 54
1742929656736 0.002359000317120625 55
1742929850417 0.002371124026302079 56
1742930045472 0.0023536722809141437 57
1742930238462 0.0023543320407348497 58
1742930433955 0.0023756892395114617 59
1742930628647 0.002346692874236358 60
1742930822594 0.0023357641359732545 61
1742931010998 0.002357217727857479 62
1742931202511 0.0023649053715683937 63
1742931391937 0.0023054115773810373 64
1742931583892 0.002309304069796043 65
1742931773632 0.002338618816729713 66
1742931962450 0.0023366637304881132 67
1742932154184 0.0023488549815191256 68
1742932344417 0.002323359205026075 69
1742932532800 0.0023455142676081326 70
1742932724197 0.0023166946720794314 71
1742932915002 0.0023310089437453847 72
1742933103555 0.002330633588387611 73
1742933294957 0.0023381494712638117 74
1742933483883 0.0023552993971079433 75
1742933672742 0.0023742126080311733 76
1742933864655 0.0023203905211058216 77
1742934053417 0.0023186590768383827 78
1742934244770 0.002341915433249482 79
1742934433655 0.0023311885265907 80
1742934625104 0.0023399977521462874 81
1742934815935 0.0023334462535925782 82
1742935003882 0.002311261369556944 83
1742935195517 0.00233326190219658 84
1742935385729 0.002309730841039022 85
1742935574872 0.0023363676745203565 86
1742935765323 0.0023198977448176464 87
1742935955169 0.0023249608036733094 88
1742936144780 0.002300652435173157 89
1742936334636 0.002329165869395711 90
1742936524478 0.0023308054786631382 91
1742936714066 0.0023186056865737415 92
1742936906675 0.0023096089981581 93
1742937101852 0.0023359184898680296 94
1742937295925 0.002345776315648239 95
1742937490445 0.002333550807984116 96
1742937684233 0.0023367352591553976 97
1742937877669 0.002341124093993665 98
1742938075145 0.002356099637251321 99
