1743419557014 -0.0019730738298336346 0
1743419684262 0.0054940715877465395 1
1743419812199 0.009671979039933594 2
1743419940240 0.002355371311374611 3
1743420068005 0.008859809942062242 4
1743420194196 0.006574876300107394 5
1743420322395 0.009446852742014518 6
1743420450182 0.010636348479221108 7
1743420577929 0.006834276125466784 8
1743420704193 0.00591987143327148 9
1743420832229 0.008846960555923452 10
1743420961771 0.012647618792234399 11
1743421092721 -0.006868001009643054 12
1743421222776 0.0016968926727197785 13
1743421350562 -0.004028127729300926 14
1743421476287 -0.007446317742912605 15
1743421604661 0.0010257692002736507 16
1743421734910 0.00782974173748107 17
1743421866144 0.01259307455607187 18
1743421997526 0.01045108736487302 19
1743422128923 0.0015787825228048297 20
1743422258618 -0.0005482060914445571 21
1743422388177 0.04872544773595308 22
1743422516351 0.07222806887458792 23
1743422644253 0.09282318137609245 24
1743422770340 0.08886938801703219 25
1743422901605 0.09945905791078971 26
1743423034422 0.08307212958553381 27
1743423168233 0.14246611874444404 28
1743423301609 0.08789375960447675 29
1743423434968 0.13957855508836303 30
1743423568979 0.16221350570194895 31
1743423698239 0.14009192824816113 32
1743423824100 0.14549075172204154 33
1743423951915 0.17985542336254312 34
1743424080000 0.15285031176555483 35
1743424208571 0.1735149582742709 36
1743424336474 0.18856538367929215 37
1743424462672 0.19312872528473762 38
1743424590703 0.1837733345686399 39
1743424718556 0.16923128378788602 40
1743424846764 0.18778679728289296 41
1743424972166 0.16963029115256226 42
1743425099769 0.20632690208242685 43
1743425228131 0.18424207564004857 44
1743425359693 0.18015956220776222 45
1743425486019 0.1975132835644274 46
1743425614945 0.1944193907571103 47
1743425743769 0.2219907315194745 48
1743425872416 0.21510405949521436 49
1743425998382 0.17971059441469286 50
1743426126555 0.22710991093769947 51
1743426255014 0.193649927427832 52
1743426380635 0.2297129708082122 53
1743426511725 0.20840268075094087 54
1743426640101 0.22021275660668066 55
1743426768157 0.2050154704887508 56
1743426894028 0.2316868778398152 57
1743427022240 0.2391797318974752 58
1743427154072 0.22962608300494958 59
1743427285753 0.23543513992233434 60
1743427414991 0.20049080658305565 61
1743427546784 0.2286344461009416 62
1743427678840 0.24297280621150877 63
1743427810276 0.2466047417232544 64
1743427941995 0.2574107784154959 65
1743428073666 0.21376523735214675 66
1743428203181 0.22775846809718728 67
1743428335829 0.2255942157897374 68
1743428467598 0.2363433944865296 69
1743428597027 0.23347127436187157 70
1743428728759 0.22472163983406077 71
1743428860575 0.24647985929421157 72
1743428992297 0.26239806700846696 73
1743429123960 0.22123216652149663 74
1743429253409 0.2651528976631542 75
1743429385175 0.2464008348475281 76
1743429517068 0.23446929459486776 77
1743429646195 0.24194691516159247 78
1743429773501 0.27813067436804206 79
1743429902203 0.23445232853651654 80
1743430031428 0.25788226322466623 81
1743430157311 0.2809373145626954 82
1743430285754 0.25516127888296186 83
1743430414371 0.27535359410573435 84
1743430540511 0.24709638344578944 85
1743430672298 0.23857342051578603 86
1743430803941 0.24219664247203335 87
1743430935682 0.23949407374304243 88
1743431067388 0.25112336498453536 89
1743431197070 0.2565132062549266 90
1743431328943 0.2670972798106606 91
1743431460795 0.2525681836723741 92
1743431592580 0.22206494228489093 93
1743431721497 0.25786187648127873 94
1743431853305 0.2530286496823239 95
1743431984843 0.24017963536765502 96
1743432116682 0.24561177453697491 97
1743432248277 0.28237417881633203 98
1743432377355 0.2802894252652107 99
1743432509100 0.2846321064688978 100
1743432641103 0.2520498518792751 101
1743432769433 0.2779644555381188 102
1743432894924 0.2286072874543635 103
1743433024425 0.2452608269207287 104
1743433155898 0.25395048572427126 105
1743433282975 0.25885483946257665 106
1743433413944 0.26273531591080257 107
1743433544954 0.26864462966408764 108
1743433672971 0.2577666929694139 109
1743433803530 0.2831460811107656 110
1743433933402 0.27393279325750974 111
1743434058836 0.27197584671895664 112
1743434186989 0.26665006442751005 113
1743434315146 0.27970433599195843 114
1743434440744 0.2767456325402002 115
1743434570495 0.2762089639363456 116
1743434702350 0.2785446915989082 117
1743434833996 0.2352411442040574 118
1743434965623 0.23571318961777485 119
1743435094799 0.22646447040041923 120
1743435224680 0.26065532876024744 121
1743435359240 0.2487759917263855 122
1743435488268 0.22637840652113606 123
1743435621107 0.28839286243629425 124
1743435752856 0.25364958069488835 125
1743435882254 0.2733370347995261 126
1743436015411 0.3308595594651348 127
1743436145473 0.29315710322113375 128
1743436277227 0.23008999498933627 129
1743436408876 0.2818917729193393 130
1743436540269 0.29739779749369677 131
1743436669696 0.2647587891515173 132
1743436802062 0.24958722801430305 133
1743436933664 0.2643037495659077 134
1743437063033 0.292048912599719 135
1743437194152 0.2966451925319952 136
1743437323089 0.2824699317406418 137
1743437450641 0.2961143466471682 138
1743437583412 0.2377403938364991 139
1743437710347 0.2757000986884624 140
1743437838745 0.2748100177894367 141
1743437965271 0.27755819422421646 142
1743438092564 0.29180103283870745 143
1743438219948 0.29630640431957733 144
1743438350912 0.28641864441675996 145
1743438482443 0.29812197727095996 146
1743438612951 0.27357261777815134 147
1743438744817 0.23709575877009023 148
1743438872395 0.20517852170200152 149
1743439000051 0.2826888296415094 150
1743439125770 0.29631051786830886 151
1743439254867 0.24624333039165322 152
1743439383975 0.3073487898043382 153
1743439517269 0.27029599802988724 154
1743439646027 0.30893339376052864 155
1743439779258 0.28950747315543274 156
1743439907436 0.2381351278066868 157
1743440042890 0.33091306283665795 158
1743440174610 0.2712334611879922 159
1743440304510 0.2658031100137335 160
1743440436759 0.2738122922886594 161
1743440570117 0.29594258435385234 162
1743440698419 0.2794852232215372 163
1743440830544 0.24449515277491846 164
1743440957940 0.3105088151271427 165
1743441091710 0.27812156525939197 166
1743441223396 0.2695009931116254 167
1743441349699 0.29393937307931495 168
1743441477054 0.3019458531061688 169
1743441605247 0.26967067688790425 170
1743441731669 0.3115427356676157 171
1743441860646 0.2824771926929758 172
1743441989430 0.2941375086583556 173
1743442115096 0.27004448422955885 174
1743442242825 0.2734666230384578 175
1743442370812 0.26499540420778284 176
1743442496834 0.22323394679552166 177
1743442626404 0.27389719257935957 178
1743442755687 0.3013064865144215 179
1743442885105 0.27860741670810774 180
1743443014722 0.2858493586453892 181
1743443143065 0.2905756344110708 182
1743443268195 0.26756992784933736 183
1743443396108 0.2811463193871983 184
1743443521681 0.3010517932237208 185
1743443653203 0.28611997819961776 186
1743443784580 0.2749305341531197 187
1743443915001 0.28721371715258626 188
1743444046747 0.3017888487429493 189
1743444179213 0.30458060499190637 190
1743444308219 0.3386745445753602 191
1743444439623 0.2663311940286611 192
1743444572125 0.25891737564675643 193
1743444700792 0.24323284632698428 194
1743444831466 0.2831403946560466 195
1743444964422 0.2614695501664854 196
1743445095215 0.2682010585604621 197
1743445224015 0.3020310743456256 198
1743445356932 0.23914412493258522 199
