1743419557014 0.004477582003699774 0
1743419684262 0.010609974792393272 1
1743419812199 0.01563730399808942 2
1743419940240 0.005667364025849963 3
1743420068005 0.01680150291495214 4
1743420194196 0.013272278005269086 5
1743420322395 0.01574251787012293 6
1743420450182 0.017695662937005908 7
1743420577929 0.012685704914955286 8
1743420704193 0.01205095232104041 9
1743420832229 0.01592888425958756 10
1743420961771 0.029088987368519992 11
1743421092721 -0.00770320442408084 12
1743421222776 0.003738996805273181 13
1743421350562 -0.005004699263309546 14
1743421476287 -0.01028022403064251 15
1743421604661 0.002210965169471459 16
1743421734910 0.012548171194008908 17
1743421866144 0.021080603315447647 18
1743421997526 0.01602002889595737 19
1743422128923 0.0034737317196841962 20
1743422258618 -0.0048666068610869586 21
1743422388177 0.10792755172086502 22
1743422516351 0.1488206231283296 23
1743422644253 0.1877171374764344 24
1743422770340 0.19107060775116463 25
1743422901605 0.22085753353094895 26
1743423034422 0.18734093556894826 27
1743423168233 0.27419916140334094 28
1743423301609 0.20899018145009526 29
1743423434968 0.2848657151306915 30
1743423568979 0.30140682391899015 31
1743423698239 0.31121818204939344 32
1743423824100 0.2963884198462692 33
1743423951915 0.33005589578066047 34
1743424080000 0.2902474575425536 35
1743424208571 0.3402122239619312 36
1743424336474 0.32765724861265605 37
1743424462672 0.3554002257231967 38
1743424590703 0.36539766766346554 39
1743424718556 0.322971841279703 40
1743424846764 0.33483129117901406 41
1743424972166 0.36972251097859915 42
1743425099769 0.35145190070591037 43
1743425228131 0.3921208494698387 44
1743425359693 0.3285184564983027 45
1743425486019 0.3636231907920617 46
1743425614945 0.32990307131975954 47
1743425743769 0.38286577736079164 48
1743425872416 0.39014436002546926 49
1743425998382 0.3835883003392653 50
1743426126555 0.3692616420262521 51
1743426255014 0.41980574030264994 52
1743426380635 0.39695916400226944 53
1743426511725 0.4295967515673003 54
1743426640101 0.3832392482851906 55
1743426768157 0.3701957659161528 56
1743426894028 0.3796381711621766 57
1743427022240 0.4451963822273436 58
1743427154072 0.3954504252097211 59
1743427285753 0.4200466502281705 60
1743427414991 0.3637404838611533 61
1743427546784 0.3941436419310667 62
1743427678840 0.41604647664278127 63
1743427810276 0.4114775758309302 64
1743427941995 0.4409365861014863 65
1743428073666 0.4399416894502329 66
1743428203181 0.4559625048581538 67
1743428335829 0.4378901559036596 68
1743428467598 0.42737756018575546 69
1743428597027 0.44461419984259787 70
1743428728759 0.4152003163638832 71
1743428860575 0.48282381891478143 72
1743428992297 0.4607274366517649 73
1743429123960 0.4034990242471408 74
1743429253409 0.4522672221953544 75
1743429385175 0.45468036182071947 76
1743429517068 0.4847247936941855 77
1743429646195 0.4443726632924165 78
1743429773501 0.49269084069074676 79
1743429902203 0.4589626813609862 80
1743430031428 0.487322720381482 81
1743430157311 0.5038443701869787 82
1743430285754 0.4699927492362789 83
1743430414371 0.514003812989712 84
1743430540511 0.48224241848501764 85
1743430672298 0.4490625001265492 86
1743430803941 0.4484548988817282 87
1743430935682 0.47129548408585004 88
1743431067388 0.4454860253959565 89
1743431197070 0.4710293901577653 90
1743431328943 0.49597760555468334 91
1743431460795 0.4550884781845837 92
1743431592580 0.347692837845727 93
1743431721497 0.5032824983894296 94
1743431853305 0.46962547159980167 95
1743431984843 0.49082007867990546 96
1743432116682 0.4475428433068805 97
1743432248277 0.4522284165835228 98
1743432377355 0.510127981265117 99
1743432509100 0.4691981689602939 100
1743432641103 0.5331962253027682 101
1743432769433 0.501628054089234 102
1743432894924 0.3779416299133945 103
1743433024425 0.4477851669680438 104
1743433155898 0.46667781067530006 105
1743433282975 0.4211202908030976 106
1743433413944 0.5062259774041943 107
1743433544954 0.4786504438149636 108
1743433672971 0.4708089361847712 109
1743433803530 0.5018143569016325 110
1743433933402 0.48486918159374554 111
1743434058836 0.5102295646046996 112
1743434186989 0.516770602386537 113
1743434315146 0.5101882538931815 114
1743434440744 0.5038283815366028 115
1743434570495 0.48202518862810645 116
1743434702350 0.4835491667288705 117
1743434833996 0.46494411855232815 118
1743434965623 0.4314331798479088 119
1743435094799 0.4804112482873885 120
1743435224680 0.4597104775818963 121
1743435359240 0.5001123183456293 122
1743435488268 0.41210958057033814 123
1743435621107 0.5275279861492435 124
1743435752856 0.45892230701933007 125
1743435882254 0.5261527799641411 126
1743436015411 0.5274675778248288 127
1743436145473 0.43478563743646165 128
1743436277227 0.4602356930507047 129
1743436408876 0.48504706237070566 130
1743436540269 0.5217592846334811 131
1743436669696 0.46154429649709944 132
1743436802062 0.4743565628525399 133
1743436933664 0.5510415171171423 134
1743437063033 0.49613456167862946 135
1743437194152 0.5383689379479665 136
1743437323089 0.5125004147348156 137
1743437450641 0.5262484773131785 138
1743437583412 0.4288865791784545 139
1743437710347 0.4906839327067539 140
1743437838745 0.5216507771841337 141
1743437965271 0.48575772565958286 142
1743438092564 0.5404845777127415 143
1743438219948 0.5414511095858557 144
1743438350912 0.4958656439186095 145
1743438482443 0.5382540810369915 146
1743438612951 0.49921936078866125 147
1743438744817 0.48227182238713784 148
1743438872395 0.4944235461238343 149
1743439000051 0.5467292862823551 150
1743439125770 0.5352531477856038 151
1743439254867 0.536850470801628 152
1743439383975 0.548041134663612 153
1743439517269 0.4988820201288115 154
1743439646027 0.5100659786319459 155
1743439779258 0.5250328391988284 156
1743439907436 0.426957338233257 157
1743440042890 0.5329739080457139 158
1743440174610 0.4482690921776276 159
1743440304510 0.4936200093286552 160
1743440436759 0.4878138880953436 161
1743440570117 0.5358360345912783 162
1743440698419 0.5498007671293207 163
1743440830544 0.4509016365727422 164
1743440957940 0.5348106550814202 165
1743441091710 0.5326616007071868 166
1743441223396 0.45550105837974875 167
1743441349699 0.4988709858289418 168
1743441477054 0.5603763439482404 169
1743441605247 0.5187389350852927 170
1743441731669 0.5189828094070335 171
1743441860646 0.5250402597171061 172
1743441989430 0.5055344578771293 173
1743442115096 0.516162432634649 174
1743442242825 0.5506760015111417 175
1743442370812 0.47548883322270397 176
1743442496834 0.3713208688728634 177
1743442626404 0.4607061419311333 178
1743442755687 0.5284370363748536 179
1743442885105 0.5132923469051912 180
1743443014722 0.5071510342658772 181
1743443143065 0.4876687082122437 182
1743443268195 0.4860831012690063 183
1743443396108 0.4933793284608647 184
1743443521681 0.5406628509786918 185
1743443653203 0.47755187087667356 186
1743443784580 0.4848587663959269 187
1743443915001 0.5271515611857032 188
1743444046747 0.5476470836262683 189
1743444179213 0.5875124499053718 190
1743444308219 0.5302609659361307 191
1743444439623 0.4748743607900401 192
1743444572125 0.4864035873763135 193
1743444700792 0.5177592129306393 194
1743444831466 0.5238887798550798 195
1743444964422 0.5320610352012859 196
1743445095215 0.5381996997272129 197
1743445224015 0.5268131146492631 198
1743445356932 0.4775299838288143 199
