1743419557014 0.0021522302936310776 0
1743419684262 0.0018325013806024034 1
1743419812199 0.0018504519346243524 2
1743419940240 0.0018447504150306058 3
1743420068005 0.0018326425974847726 4
1743420194196 0.0018412166095873742 5
1743420322395 0.0018466070975134584 6
1743420450182 0.0018321575883175727 7
1743420577929 0.0018235122236127976 8
1743420704193 0.0018462614166907536 9
1743420832229 0.0018385434643513868 10
1743420961771 0.001841007517373447 11
1743421092721 0.001836730940585496 12
1743421222776 0.0018455309082016727 13
1743421350562 0.0018393593768331494 14
1743421476287 0.0018271071807401428 15
1743421604661 0.001835630667369793 16
1743421734910 0.0018173654661791142 17
1743421866144 0.00183095995692745 18
1743421997526 0.0018546237137687315 19
1743422128923 0.0018377063228934678 20
1743422258618 0.0018477650269973639 21
1743422388177 0.0018454914460580099 22
1743422516351 0.0018361381868972082 23
1743422644253 0.0018322220055432092 24
1743422770340 0.0018220585213293975 25
1743422901605 0.0018298607625413014 26
1743423034422 0.0018271382880966373 27
1743423168233 0.0018187273890489545 28
1743423301609 0.0018188611457683797 29
1743423434968 0.001835641928360473 30
1743423568979 0.0018204899019852849 31
1743423698239 0.0018333806202668638 32
1743423824100 0.001821286048786633 33
1743423951915 0.001825972398638647 34
1743424080000 0.0018183909972922488 35
1743424208571 0.0018206197682208661 36
1743424336474 0.0018241280531217125 37
1743424462672 0.0018311113084669693 38
1743424590703 0.001817949417156482 39
1743424718556 0.0018275371358579843 40
1743424846764 0.0018140950191059785 41
1743424972166 0.0018327199638251952 42
1743425099769 0.0018181955747040488 43
1743425228131 0.0018089436028876885 44
1743425359693 0.0018130123370405345 45
1743425486019 0.0018192782938756024 46
1743425614945 0.0018095200909497362 47
1743425743769 0.0018235626575437533 48
1743425872416 0.0018235132163031689 49
1743425998382 0.0018085819091476604 50
1743426126555 0.0018141238449464329 51
1743426255014 0.0018271630264544655 52
1743426380635 0.001823358042426603 53
1743426511725 0.0018236017384323342 54
1743426640101 0.001818694908358646 55
1743426768157 0.001819112083276052 56
1743426894028 0.0018139894506951138 57
1743427022240 0.0018068365528429297 58
1743427154072 0.001828173002258315 59
1743427285753 0.0018240060402820908 60
1743427414991 0.0018357067042105422 61
1743427546784 0.0018241323392851289 62
1743427678840 0.0018048505824803 63
1743427810276 0.001825776898066453 64
1743427941995 0.0018159571848320407 65
1743428073666 0.0018257143957811145 66
1743428203181 0.0018224190829253238 67
1743428335829 0.0018192640586875235 68
1743428467598 0.0018256819579565177 69
1743428597027 0.0018314672172217974 70
1743428728759 0.0018224241299678666 71
1743428860575 0.0018147752239432466 72
1743428992297 0.0017979518386442377 73
1743429123960 0.0018240928295355505 74
1743429253409 0.0018121646728913826 75
1743429385175 0.0018069300820542117 76
1743429517068 0.0018305183617045838 77
1743429646195 0.0018165069227530938 78
1743429773501 0.001820193212389646 79
1743429902203 0.0018121326248848161 80
1743430031428 0.0018077697063593973 81
1743430157311 0.00181501240476855 82
1743430285754 0.0018155628812438996 83
1743430414371 0.001798322150787916 84
1743430540511 0.001833851704856743 85
1743430672298 0.0018340461681908462 86
1743430803941 0.0018247639366479398 87
1743430935682 0.0018190537251519029 88
1743431067388 0.001820243921150468 89
1743431197070 0.001824077327540813 90
1743431328943 0.0018043977471644257 91
1743431460795 0.001819542570214151 92
1743431592580 0.00184027588000234 93
1743431721497 0.0018086439574947957 94
1743431853305 0.0018114835347437124 95
1743431984843 0.001809986427996386 96
1743432116682 0.0018097121123144576 97
1743432248277 0.0018166956517661084 98
1743432377355 0.0018098715365735484 99
1743432509100 0.0018007572883643836 100
1743432641103 0.0018150329262820674 101
1743432769433 0.0018131439889056996 102
1743432894924 0.0017988174053189556 103
1743433024425 0.001812110594253589 104
1743433155898 0.0018268754456441804 105
1743433282975 0.001823343981963447 106
1743433413944 0.0018100539017868295 107
1743433544954 0.0017984403355818589 108
1743433672971 0.0018200877653891563 109
1743433803530 0.0018118121043490263 110
1743433933402 0.0018278838822580613 111
1743434058836 0.0018296718727691251 112
1743434186989 0.001813696384195062 113
1743434315146 0.001812250305382264 114
1743434440744 0.0018127995110753003 115
1743434570495 0.0018147670193134943 116
1743434702350 0.001813752834005004 117
1743434833996 0.001819249305237189 118
1743434965623 0.0018287634151015633 119
1743435094799 0.0018070773616059635 120
1743435224680 0.0018175121232860717 121
1743435359240 0.0018188632907869455 122
1743435488268 0.0017992009225484122 123
1743435621107 0.001825822175267575 124
1743435752856 0.0018253217127309515 125
1743435882254 0.0018261510989100276 126
1743436015411 0.0018106920716202705 127
1743436145473 0.0018102511380890453 128
1743436277227 0.001811621104523657 129
1743436408876 0.0018269053162662753 130
1743436540269 0.0018147056410170686 131
1743436669696 0.0018114977729899871 132
1743436802062 0.0018264165651925796 133
1743436933664 0.0018007869997564148 134
1743437063033 0.001806151626762916 135
1743437194152 0.0018133881561794105 136
1743437323089 0.0018141044590429724 137
1743437450641 0.001829848050640573 138
1743437583412 0.0018163709977728148 139
1743437710347 0.001826934342214678 140
1743437838745 0.0018181570329753954 141
1743437965271 0.0018218422782380662 142
1743438092564 0.0018193320226048213 143
1743438219948 0.0018024625552894838 144
1743438350912 0.0018172568196941317 145
1743438482443 0.0018098525717836558 146
1743438612951 0.0018032654598371604 147
1743438744817 0.0018003541901185718 148
1743438872395 0.0018193991005627827 149
1743439000051 0.001820450371185125 150
1743439125770 0.0018052084447086941 151
1743439254867 0.0018074496630040991 152
1743439383975 0.0017986222003723597 153
1743439517269 0.0018186386246087385 154
1743439646027 0.001798101213264023 155
1743439779258 0.0017989608162529637 156
1743439907436 0.0018276327354678535 157
1743440042890 0.001818697822921226 158
1743440174610 0.0018206596936811996 159
1743440304510 0.0018202425299771782 160
1743440436759 0.0018048777706568795 161
1743440570117 0.001821938082033478 162
1743440698419 0.001803866210911462 163
1743440830544 0.0018064663067562815 164
1743440957940 0.0018311119558870298 165
1743441091710 0.0018164436841561359 166
1743441223396 0.0018115696386554834 167
1743441349699 0.0018233493652036528 168
1743441477054 0.0018328314020352246 169
1743441605247 0.0017903326834623756 170
1743441731669 0.0018270260405860476 171
1743441860646 0.0018059732967371125 172
1743441989430 0.0018228238954937864 173
1743442115096 0.001806562748797166 174
1743442242825 0.0018074596379214862 175
1743442370812 0.0018204675316394693 176
1743442496834 0.001820871563246653 177
1743442626404 0.0018017813960912322 178
1743442755687 0.0018202004808037103 179
1743442885105 0.0018120303951063555 180
1743443014722 0.0018083184955261595 181
1743443143065 0.001820638737903872 182
1743443268195 0.001811604136022072 183
1743443396108 0.0018067678467015003 184
1743443521681 0.0018114174542672957 185
1743443653203 0.0018147711314655671 186
1743443784580 0.0018002594023577595 187
1743443915001 0.0018212383320626857 188
1743444046747 0.0018081410901968395 189
1743444179213 0.0018090219119679502 190
1743444308219 0.0018171957716828573 191
1743444439623 0.0018210509112439137 192
1743444572125 0.0018234671171609435 193
1743444700792 0.0018190941213705168 194
1743444831466 0.0017947686189620864 195
1743444964422 0.001822495876975364 196
1743445095215 0.001798196865270981 197
1743445224015 0.0018025841450786803 198
1743445356932 0.0018130105552336955 199
