1743513085582 0.010319398857639085 0
1743513326000 0.015316161807969481 1
1743513566453 0.015316161807969481 2
1743513806579 0.020875708144865363 3
1743514046684 0.020875708144865363 4
1743514286958 0.06151480532531835 5
1743514526478 0.06864118909637706 6
1743514764693 0.06864118909637706 7
1743515004406 0.07171092618474567 8
1743515242258 0.09563570245759315 9
1743515479712 0.10837914938738658 10
1743515724771 0.10837914938738658 11
1743515970354 0.12532074484583128 12
1743516215450 0.13335972057494178 13
1743516461254 0.18221396490316752 14
1743516706532 0.18221396490316752 15
1743516952073 0.18221396490316752 16
1743517197775 0.18221396490316752 17
1743517443301 0.20714928625307694 18
1743517689475 0.21328654640494638 19
1743517934601 0.21328654640494638 20
1743518180602 0.21328654640494638 21
1743518418178 0.24637299468077883 22
1743518654581 0.24637299468077883 23
1743518894694 0.24637299468077883 24
1743519135247 0.24637299468077883 25
1743519374467 0.25990059243388963 26
1743519621870 0.25990059243388963 27
1743519869199 0.25990059243388963 28
1743520117311 0.25990059243388963 29
1743520364482 0.25990059243388963 30
1743520612928 0.25990059243388963 31
1743520859912 0.25990059243388963 32
1743521107608 0.25990059243388963 33
1743521355479 0.25990059243388963 34
1743521603639 0.25990059243388963 35
1743521851271 0.25990059243388963 36
1743522098712 0.273434124329427 37
1743522336445 0.273434124329427 38
1743522572207 0.273434124329427 39
1743522809733 0.273434124329427 40
1743523046242 0.273434124329427 41
1743523282760 0.273434124329427 42
1743523519490 0.273434124329427 43
1743523756986 0.273434124329427 44
1743523993672 0.27675101517037387 45
1743524229644 0.28110352200152305 46
1743524466324 0.28110352200152305 47
1743524703266 0.30317205932034463 48
1743524940506 0.30317205932034463 49
1743525176835 0.30317205932034463 50
1743525414482 0.30317205932034463 51
1743525651191 0.30317205932034463 52
1743525886911 0.30317205932034463 53
1743526124037 0.30317205932034463 54
1743526360044 0.30317205932034463 55
1743526596490 0.30317205932034463 56
1743526838580 0.30317205932034463 57
1743527079442 0.30317205932034463 58
1743527318957 0.30317205932034463 59
1743527558718 0.30317205932034463 60
1743527795111 0.30317205932034463 61
1743528032349 0.30317205932034463 62
1743528277732 0.30317205932034463 63
1743528522221 0.30317205932034463 64
1743528766796 0.30317205932034463 65
1743529010857 0.30317205932034463 66
1743529256038 0.30317205932034463 67
1743529500038 0.30317205932034463 68
1743529744220 0.30317205932034463 69
1743529985296 0.30317205932034463 70
1743530224253 0.30317205932034463 71
1743530466142 0.30317205932034463 72
1743530706526 0.30317205932034463 73
1743530945482 0.30317205932034463 74
1743531186126 0.30317205932034463 75
1743531423807 0.30317205932034463 76
1743531659780 0.30317205932034463 77
1743531901622 0.30317205932034463 78
1743532145993 0.30317205932034463 79
1743532391860 0.30317205932034463 80
1743532635047 0.30739862557585335 81
1743532880141 0.30739862557585335 82
1743533125078 0.30739862557585335 83
1743533367645 0.30739862557585335 84
1743533606346 0.30739862557585335 85
1743533843851 0.30739862557585335 86
1743534082367 0.30739862557585335 87
1743534326827 0.30739862557585335 88
1743534571896 0.30739862557585335 89
1743534817175 0.30739862557585335 90
1743535057237 0.30739862557585335 91
1743535298298 0.30739862557585335 92
1743535537593 0.30739862557585335 93
1743535773446 0.30739862557585335 94
1743536012461 0.30739862557585335 95
1743536258718 0.30739862557585335 96
1743536502860 0.30739862557585335 97
1743536745693 0.30739862557585335 98
1743536985339 0.30739862557585335 99
1743537225044 0.30739862557585335 100
