1743513085590 0.015314393854724207 0
1743513326008 0.03161482080086345 1
1743513566455 0.03161482080086345 2
1743513806582 0.03161482080086345 3
1743514046693 0.07271045249551263 4
1743514286965 0.11683312703864336 5
1743514526485 0.1378207444791074 6
1743514764695 0.1378207444791074 7
1743515004412 0.1584753944499528 8
1743515242266 0.18695771638097214 9
1743515479721 0.20719170322049357 10
1743515724772 0.20719170322049357 11
1743515970361 0.23416950013653023 12
1743516215459 0.2480561894309857 13
1743516461262 0.2972790754264517 14
1743516706533 0.2972790754264517 15
1743516952080 0.30903950157518706 16
1743517197777 0.30903950157518706 17
1743517443309 0.35558488534909927 18
1743517689477 0.35558488534909927 19
1743517934608 0.3752436202034892 20
1743518180604 0.3752436202034892 21
1743518418186 0.43174678751346046 22
1743518654584 0.43174678751346046 23
1743518894696 0.43174678751346046 24
1743519135249 0.43174678751346046 25
1743519374474 0.4442932308191232 26
1743519621872 0.4442932308191232 27
1743519869201 0.4442932308191232 28
1743520117313 0.4442932308191232 29
1743520364484 0.4442932308191232 30
1743520612931 0.4442932308191232 31
1743520859914 0.4442932308191232 32
1743521107610 0.4442932308191232 33
1743521355481 0.4442932308191232 34
1743521603641 0.4442932308191232 35
1743521851274 0.4442932308191232 36
1743522098721 0.46337478747097716 37
1743522336447 0.46337478747097716 38
1743522572209 0.46337478747097716 39
1743522809735 0.46337478747097716 40
1743523046244 0.46337478747097716 41
1743523282762 0.46337478747097716 42
1743523519492 0.46337478747097716 43
1743523756994 0.48497367990445134 44
1743523993681 0.4882020251570646 45
1743524229647 0.4882020251570646 46
1743524466326 0.4882020251570646 47
1743524703274 0.4992837152415267 48
1743524940508 0.4992837152415267 49
1743525176838 0.4992837152415267 50
1743525414484 0.4992837152415267 51
1743525651193 0.4992837152415267 52
1743525886913 0.4992837152415267 53
1743526124039 0.4992837152415267 54
1743526360046 0.4992837152415267 55
1743526596492 0.4992837152415267 56
1743526838583 0.4992837152415267 57
1743527079450 0.5014369144015177 58
1743527318960 0.5014369144015177 59
1743527558725 0.5158780745153667 60
1743527795117 0.5207013713069095 61
1743528032351 0.5207013713069095 62
1743528277734 0.5207013713069095 63
1743528522223 0.5207013713069095 64
1743528766798 0.5207013713069095 65
1743529010860 0.5207013713069095 66
1743529256040 0.5207013713069095 67
1743529500045 0.5216101569312211 68
1743529744222 0.5216101569312211 69
1743529985298 0.5216101569312211 70
1743530224255 0.5216101569312211 71
1743530466144 0.5216101569312211 72
1743530706527 0.5216101569312211 73
1743530945484 0.5216101569312211 74
1743531186128 0.5216101569312211 75
1743531423809 0.5216101569312211 76
1743531659783 0.5216101569312211 77
1743531901624 0.5216101569312211 78
1743532145995 0.5216101569312211 79
1743532391868 0.5336547298037306 80
1743532635050 0.5336547298037306 81
1743532880143 0.5336547298037306 82
1743533125080 0.5336547298037306 83
1743533367647 0.5336547298037306 84
1743533606348 0.5336547298037306 85
1743533843852 0.5336547298037306 86
1743534082370 0.5336547298037306 87
1743534326829 0.5336547298037306 88
1743534571898 0.5336547298037306 89
1743534817182 0.5471556655791895 90
1743535057243 0.5579637918477498 91
1743535298301 0.5579637918477498 92
1743535537595 0.5579637918477498 93
1743535773449 0.5579637918477498 94
1743536012463 0.5579637918477498 95
1743536258720 0.5579637918477498 96
1743536502862 0.5579637918477498 97
1743536745696 0.5579637918477498 98
1743536985341 0.5579637918477498 99
1743537225046 0.5579637918477498 100
