1743513085572 0.010319398857639085 0
1743513325991 0.015316161807969481 1
1743513566450 0.00146245677233724 2
1743513806571 0.020875708144865363 3
1743514046681 0.0171549031934962 4
1743514286950 0.06151480532531835 5
1743514526470 0.06864118909637706 6
1743514764690 0.036533490381246266 7
1743515004397 0.07171092618474567 8
1743515242250 0.09563570245759315 9
1743515479704 0.10837914938738658 10
1743515724768 0.08698648246319456 11
1743515970345 0.12532074484583128 12
1743516215440 0.13335972057494178 13
1743516461246 0.18221396490316752 14
1743516706528 0.14135714925230633 15
1743516952070 0.17378903847013438 16
1743517197771 0.15999029286048952 17
1743517443293 0.20714928625307694 18
1743517689465 0.21328654640494638 19
1743517934598 0.1923661143224362 20
1743518180599 0.18681127159361516 21
1743518418169 0.24637299468077883 22
1743518654578 0.19997323689294558 23
1743518894691 0.23001712642875352 24
1743519135244 0.23494974233512736 25
1743519374459 0.25990059243388963 26
1743519621867 0.2364504550333278 27
1743519869196 0.23482634301932062 28
1743520117308 0.20816231247011052 29
1743520364478 0.22910254438939692 30
1743520612925 0.24974428581995117 31
1743520859909 0.24614183062649236 32
1743521107605 0.22893963516893528 33
1743521355476 0.2287458048389341 34
1743521603636 0.21972303391342407 35
1743521851268 0.22745854691807385 36
1743522098705 0.273434124329427 37
1743522336443 0.24379616726367628 38
1743522572204 0.24411056175077606 39
1743522809730 0.2521475595823826 40
1743523046239 0.1911765974011221 41
1743523282757 0.24205043663787035 42
1743523519487 0.24446798759058744 43
1743523756983 0.27098219627787123 44
1743523993664 0.27675101517037387 45
1743524229636 0.28110352200152305 46
1743524466320 0.23193568956519764 47
1743524703256 0.30317205932034463 48
1743524940503 0.2810881892995837 49
1743525176832 0.2628744941264623 50
1743525414479 0.2515859442055086 51
1743525651189 0.2668940013377252 52
1743525886908 0.2592836335919691 53
1743526124034 0.26224816460528955 54
1743526360041 0.2615901921317402 55
1743526596487 0.25179548349795844 56
1743526838577 0.2476762581532181 57
1743527079439 0.29369488128738663 58
1743527318954 0.25331676940100456 59
1743527558715 0.2742899645243548 60
1743527795108 0.2623758781878426 61
1743528032347 0.2873667951534817 62
1743528277729 0.2724567443972461 63
1743528522218 0.25293732190061907 64
1743528766793 0.30278577522046235 65
1743529010854 0.2614921809753518 66
1743529256035 0.23779806971995637 67
1743529500035 0.291812844353668 68
1743529744218 0.24820009348770364 69
1743529985293 0.238700699655364 70
1743530224250 0.25178401066306966 71
1743530466139 0.21913110906620104 72
1743530706522 0.2758753904554986 73
1743530945479 0.25341617648611753 74
1743531186123 0.27870301528759467 75
1743531423804 0.25999762748587996 76
1743531659777 0.24161411931248586 77
1743531901619 0.27993988159094807 78
1743532145990 0.27643936821047865 79
1743532391857 0.26047006340993345 80
1743532635037 0.30739862557585335 81
1743532880138 0.24341279469630517 82
1743533125076 0.2913072060133521 83
1743533367643 0.28267659251383814 84
1743533606342 0.2570435717668143 85
1743533843847 0.2542133327813393 86
1743534082364 0.2773189201553058 87
1743534326824 0.24465635279630618 88
1743534571892 0.2613202572013774 89
1743534817173 0.2905479717477664 90
1743535057234 0.2772692791248424 91
1743535298295 0.27718754881286717 92
1743535537590 0.29999569584073205 93
1743535773443 0.26413478368634813 94
1743536012457 0.2381320399801576 95
1743536258715 0.27686191697402984 96
1743536502857 0.28621799632201994 97
1743536745689 0.2882321761463739 98
1743536985335 0.256413039242431 99
1743537225041 0.30484211464948047 100
