1743513085572 0.015314393854724207 0
1743513325991 0.03161482080086345 1
1743513566450 0.0019275759095023146 2
1743513806571 0.028279340558501995 3
1743514046681 0.07271045249551263 4
1743514286950 0.11683312703864336 5
1743514526470 0.1378207444791074 6
1743514764690 0.09826757010924518 7
1743515004397 0.1584753944499528 8
1743515242250 0.18695771638097214 9
1743515479704 0.20719170322049357 10
1743515724768 0.1826927481955011 11
1743515970345 0.23416950013653023 12
1743516215440 0.2480561894309857 13
1743516461246 0.2972790754264517 14
1743516706528 0.2547309250286009 15
1743516952070 0.30903950157518706 16
1743517197771 0.27628122608016287 17
1743517443293 0.35558488534909927 18
1743517689465 0.3526824231310502 19
1743517934598 0.3752436202034892 20
1743518180599 0.3407645815957103 21
1743518418169 0.43174678751346046 22
1743518654578 0.3729782622128665 23
1743518894691 0.3956049570611641 24
1743519135244 0.4290302778227535 25
1743519374459 0.4442932308191232 26
1743519621867 0.4279334168853091 27
1743519869196 0.41908593443660036 28
1743520117308 0.3857476986450554 29
1743520364478 0.41280287157779816 30
1743520612925 0.4352875924706412 31
1743520859909 0.43493895726307963 32
1743521107605 0.4225715569012513 33
1743521355476 0.4154828223889624 34
1743521603636 0.40149774388018156 35
1743521851268 0.4059068781950796 36
1743522098705 0.46337478747097716 37
1743522336443 0.4167423438740126 38
1743522572204 0.45244974536402144 39
1743522809730 0.4560032626596348 40
1743523046239 0.34472633926090507 41
1743523282757 0.45514497916933166 42
1743523519487 0.3695008901396287 43
1743523756983 0.48497367990445134 44
1743523993664 0.4882020251570646 45
1743524229636 0.4828196201186462 46
1743524466320 0.44537243837854307 47
1743524703256 0.4992837152415267 48
1743524940503 0.4949235733944018 49
1743525176832 0.4739959905065754 50
1743525414479 0.41685110853149565 51
1743525651189 0.4677078314023894 52
1743525886908 0.4753740669687216 53
1743526124034 0.4722393007258155 54
1743526360041 0.4843418063361264 55
1743526596487 0.43960652201854283 56
1743526838577 0.4399989743724518 57
1743527079439 0.5014369144015177 58
1743527318954 0.4717981787384017 59
1743527558715 0.5158780745153667 60
1743527795108 0.5207013713069095 61
1743528032347 0.47931941332109257 62
1743528277729 0.4843354632920847 63
1743528522218 0.4544326445468372 64
1743528766793 0.5165621168055712 65
1743529010854 0.4932932558433405 66
1743529256035 0.4567717075741204 67
1743529500035 0.5216101569312211 68
1743529744218 0.43442219735920246 69
1743529985293 0.42912301752942644 70
1743530224250 0.48504846628013126 71
1743530466139 0.4063126144525378 72
1743530706522 0.4832892460579174 73
1743530945479 0.4799768004868002 74
1743531186123 0.5035243385204667 75
1743531423804 0.48143575524132515 76
1743531659777 0.45195245725928146 77
1743531901619 0.4992598889052661 78
1743532145990 0.4961087401814492 79
1743532391857 0.5336547298037306 80
1743532635037 0.5079638276024289 81
1743532880138 0.4468388859250053 82
1743533125076 0.512032967557834 83
1743533367643 0.49712979218719333 84
1743533606342 0.5136755659640114 85
1743533843847 0.4903663240092589 86
1743534082364 0.5242905875802194 87
1743534326824 0.49994415469737946 88
1743534571892 0.516148934066045 89
1743534817173 0.5471556655791895 90
1743535057234 0.5579637918477498 91
1743535298295 0.4805046479398038 92
1743535537590 0.5269090681255777 93
1743535773443 0.46261539357939824 94
1743536012457 0.4755412471963384 95
1743536258715 0.48261396434155207 96
1743536502857 0.5286473972053415 97
1743536745689 0.46520096859883153 98
1743536985335 0.4932367901434272 99
1743537225041 0.505642711909788 100
