1743513085572 0.0019898393517278467 0
1743513325991 0.001841870195991021 1
1743513566450 0.0018379024479303126 2
1743513806571 0.0018358662377391582 3
1743514046681 0.0018366530272227327 4
1743514286950 0.0018394268335167263 5
1743514526470 0.0018393746054303603 6
1743514764690 0.0018297774145542092 7
1743515004397 0.0018251665506069529 8
1743515242250 0.0018362299682805926 9
1743515479704 0.0018281053765889137 10
1743515724768 0.0018419573687226737 11
1743515970345 0.0018369323823161873 12
1743516215440 0.0018297672443341637 13
1743516461246 0.0018286044261170149 14
1743516706528 0.0018376682759087132 15
1743516952070 0.0018278321678877549 16
1743517197771 0.0018201731372907053 17
1743517443293 0.0018292725791540045 18
1743517689465 0.0018215759666097872 19
1743517934598 0.0018180176274631397 20
1743518180599 0.0018265175345512131 21
1743518418169 0.001813843015038166 22
1743518654578 0.0018043308964694584 23
1743518894691 0.0018242349587772677 24
1743519135244 0.0018203254174592102 25
1743519374459 0.0018219383731692552 26
1743519621867 0.0018283603406828762 27
1743519869196 0.0018276072348656555 28
1743520117308 0.001817692211693631 29
1743520364478 0.0018135039914806686 30
1743520612925 0.0018216996550834252 31
1743520859909 0.001821522721904432 32
1743521107605 0.0018176556644756362 33
1743521355476 0.0018212298865594935 34
1743521603636 0.0018210910666447483 35
1743521851268 0.0018148156494415617 36
1743522098705 0.0018193892470179786 37
1743522336443 0.0018080074552733918 38
1743522572204 0.001816779704885696 39
1743522809730 0.0018318666508531493 40
1743523046239 0.0018170360571379944 41
1743523282757 0.0018204683418047763 42
1743523519487 0.0018123229979341532 43
1743523756983 0.0018208776524647136 44
1743523993664 0.0018121838630552548 45
1743524229636 0.0018117656099947135 46
1743524466320 0.0018272392467475651 47
1743524703256 0.0018144070887983034 48
1743524940503 0.0018211867133099144 49
1743525176832 0.0018242543908003409 50
1743525414479 0.0018152010063991755 51
1743525651189 0.0018232741887378363 52
1743525886908 0.001818401066679834 53
1743526124034 0.0018259524869223228 54
1743526360041 0.0018235780752229682 55
1743526596487 0.0018166592603285718 56
1743526838577 0.0018172054566846186 57
1743527079439 0.0018229303908257645 58
1743527318954 0.0018189037341124962 59
1743527558715 0.0018264284232646835 60
1743527795108 0.0018136411619913012 61
1743528032347 0.0018166908676496083 62
1743528277729 0.001819896637586555 63
1743528522218 0.0018164041959909162 64
1743528766793 0.0018076582576697538 65
1743529010854 0.0018088686276177446 66
1743529256035 0.0018256551154610015 67
1743529500035 0.0018139168759175363 68
1743529744218 0.0018113930873927071 69
1743529985293 0.0018157971763532808 70
1743530224250 0.0018188075635783819 71
1743530466139 0.0018230647710927392 72
1743530706522 0.0018236664380742716 73
1743530945479 0.001832086957207947 74
1743531186123 0.0018255853777348107 75
1743531423804 0.0018163444153967785 76
1743531659777 0.0018124666115890218 77
1743531901619 0.0018175045604997956 78
1743532145990 0.001808579609032286 79
1743532391857 0.0018179181490402005 80
1743532635037 0.001808342094227874 81
1743532880138 0.0018162384678121562 82
1743533125076 0.0018129111633400981 83
1743533367643 0.001813995818565473 84
1743533606342 0.0017994707739523445 85
1743533843847 0.0018138677602830547 86
1743534082364 0.001812455890462289 87
1743534326824 0.0018095310286563265 88
1743534571892 0.0018124244351647664 89
1743534817173 0.001813419687912263 90
1743535057234 0.001819858147885559 91
1743535298295 0.0018140506632928063 92
1743535537590 0.0018072888112992643 93
1743535773443 0.0018103526463188512 94
1743536012457 0.001818534948636176 95
1743536258715 0.0018160445980403628 96
1743536502857 0.0018197932082867473 97
1743536745689 0.001811060187781081 98
1743536985335 0.0018211991255707046 99
1743537225041 0.0018251911194943622 100
