1743082417224 -0.0863196011570484 0
1743082490103 -0.09540658611100848 1
1743082565264 -0.04712363034714234 2
1743082638203 -0.0957505345804126 3
1743082711125 -0.07860571936323235 4
1743082783569 -0.18439880560513625 5
1743082857057 -0.13279414425371244 6
1743082929725 -0.2195052698821732 7
1743083002701 -0.04862204577683063 8
1743083075757 -0.07417134408464517 9
1743083148489 -0.12597019522892283 10
1743083221095 -0.09310191777174921 11
1743083294422 -0.0570310923724257 12
1743083371006 -0.531606309239145 13
1743083444426 0.021011649862942988 14
1743083517164 -0.115763280491358 15
1743083590086 -0.06756786684562996 16
1743083663199 -0.17564476843902144 17
1743083735971 -0.035798133670435196 18
1743083808537 -0.03703403245794481 19
1743083881368 -0.027279034067043177 20
1743083954375 -0.11036171474901163 21
1743084026589 -0.31284723058027075 22
1743084099743 -0.09718840765947831 23
1743084172358 -0.09419491905436701 24
1743084244967 -0.12489654769929995 25
1743084318050 -0.3844901277184225 26
1743084394081 -0.13070208364243072 27
1743084466698 -0.22996043624636414 28
1743084539556 -0.2388390726544981 29
1743084612411 -0.0877663421926648 30
1743084685180 -0.14362898444896127 31
1743084758096 -0.05366396960407524 32
1743084830522 -0.07506848467245236 33
1743084903444 -0.06546881452400613 34
1743084976273 0.01141582576656331 35
1743085048844 -0.04589844915833079 36
1743085121367 -0.07763695594618744 37
1743085194081 -0.02259082767778245 38
1743085269504 -0.23266625907130303 39
1743085342309 -0.008859436591620187 40
1743085414918 -0.03654730845378672 41
1743085487767 0.0028424641930211896 42
1743085559463 -0.3736118379454965 43
1743085632580 -0.035335395441875625 44
1743085706816 -0.20895588912224083 45
1743085780140 0.004262986228103316 46
1743085852871 -0.07098448174538662 47
1743085926072 -0.08570748148120085 48
1743085998392 -0.014498691427839678 49
1743086071157 -0.10743790074248577 50
1743086146651 0.009663584552975934 51
1743086219434 -0.15705200480733747 52
1743086292309 0.0016556143948291632 53
1743086365153 -0.2719496199203831 54
1743086437843 -0.06217323299431849 55
1743086510571 0.0004819036345125176 56
1743086583378 0.017380105799357917 57
1743086656543 0.009714501846162052 58
1743086729592 -0.041835820456615734 59
1743086802747 -0.15871168863907414 60
1743086877562 -0.15313999314086638 61
1743086949774 -0.14669218958309535 62
1743087022291 -0.6353669577568783 63
1743087095161 -0.03475074226701303 64
1743087169083 -0.19997546697394977 65
1743087243167 -0.01514436221158223 66
1743087317295 0.01823966089098048 67
1743087391270 -0.13132863975414844 68
1743087465375 -0.024659141291311013 69
1743087539764 -0.002846411888643611 70
1743087617357 -0.41484400656128667 71
1743087691578 -0.12891392690897507 72
1743087765673 -0.19250375013567406 73
1743087839797 -0.22151301359039205 74
1743087914017 -0.1936628236184069 75
1743087988036 -0.058168758315736396 76
1743088062224 0.01276259185222379 77
1743088136416 -0.06740967586867908 78
1743088210732 -0.2704332083571696 79
1743088284815 -0.06742431657941893 80
1743088358978 -0.009803145234765255 81
1743088436573 -0.024713819437666887 82
1743088510669 -0.10989153991088102 83
1743088584866 -0.15316287606807952 84
1743088659061 -0.18846768809951417 85
1743088733063 -0.023451268682509966 86
1743088810079 -0.34550552834417475 87
1743088883312 -0.13703921125614954 88
1743088957291 -0.08734650858747636 89
1743089031147 -0.09863115533064169 90
1743089105147 -0.00036806062284419063 91
1743089181590 -0.06639298228428919 92
1743089255795 0.0019035801480070452 93
1743089328785 -0.15516753064341618 94
1743089400620 -0.199208146323672 95
1743089472426 0.0030260704116681176 96
1743089541751 -0.14635235373076202 97
1743089617340 -0.1715330272112672 98
1743089689234 -0.060763551192352126 99
