1743082417224 -0.0258662481358667 0
1743082490103 -0.016964943352543015 1
1743082565264 0.016649043423433967 2
1743082638203 -0.015337982473222236 3
1743082711125 -0.007327754862803013 4
1743082783569 -0.11882162540141501 5
1743082857057 -0.06429803295114049 6
1743082929725 -0.1643750564166278 7
1743083002701 0.015584718396291304 8
1743083075757 -0.0053948832755634545 9
1743083148489 -0.05663417094327688 10
1743083221095 -0.013568944487190681 11
1743083294422 0.004391796609526066 12
1743083371006 -0.48048625603605777 13
1743083444426 0.05482522005660228 14
1743083517164 -0.04094750588320436 15
1743083590086 0.010985599765499362 16
1743083663199 -0.1185764415159634 17
1743083735971 0.026718352827119964 18
1743083808537 0.022987388332276447 19
1743083881368 0.03502774994364041 20
1743083954375 -0.031840487850576464 21
1743084026589 -0.26464470160789916 22
1743084099743 -0.03705161814928908 23
1743084172358 -0.024414319837642657 24
1743084244967 -0.044559948016213095 25
1743084318050 -0.3481040882923294 26
1743084394081 -0.06527823409528205 27
1743084466698 -0.1768963078640553 28
1743084539556 -0.18568519938573602 29
1743084612411 -0.010217930096326417 30
1743084685180 -0.08023768054864017 31
1743084758096 0.009700674802463215 32
1743084830522 -0.015561140771808372 33
1743084903444 0.004558597513333743 34
1743084976273 0.049423804402715314 35
1743085048844 0.022085067189578672 36
1743085121367 -0.010672556226243265 37
1743085194081 0.029718638854951136 38
1743085269504 -0.17400345224812055 39
1743085342309 0.04038645441354403 40
1743085414918 0.018201350571350933 41
1743085487767 0.05295325949625113 42
1743085559463 -0.3225923338858761 43
1743085632580 0.03188973165078754 44
1743085706816 -0.16667502047891117 45
1743085780140 0.04900357821115436 46
1743085852871 0.005893311052535639 47
1743085926072 -0.017601646550502524 48
1743085998392 0.04219135998757911 49
1743086071157 -0.030367376473761674 50
1743086146651 0.0525417201980094 51
1743086219434 -0.0896974607842429 52
1743086292309 0.04452921744052745 53
1743086365153 -0.2063412450883647 54
1743086437843 0.0071656106474785 55
1743086510571 0.051825140587825815 56
1743086583378 0.05075935616078218 57
1743086656543 0.05165275706869472 58
1743086729592 0.020096342679090825 59
1743086802747 -0.11962840810807648 60
1743086877562 -0.08576817874571982 61
1743086949774 -0.08313360185019686 62
1743087022291 -0.5761437576538297 63
1743087095161 0.020619761776832616 64
1743087169083 -0.13145341584345607 65
1743087243167 0.040519542310969596 66
1743087317295 0.047381117162880314 67
1743087391270 -0.06060982308057545 68
1743087465375 0.03393915703645602 69
1743087539764 0.046880774118850325 70
1743087617357 -0.37740174333399423 71
1743087691578 -0.05856992866215111 72
1743087765673 -0.10991555016493777 73
1743087839797 -0.16391906227871383 74
1743087914017 -0.14695868773566495 75
1743087988036 0.007046247053023781 76
1743088062224 0.049876331826656385 77
1743088136416 -0.0026137873855003398 78
1743088210732 -0.22605334784756456 79
1743088284815 0.005118329745336183 80
1743088358978 0.03965352451506342 81
1743088436573 0.028590397971068243 82
1743088510669 -0.05465306178457114 83
1743088584866 -0.07520966027943458 84
1743088659061 -0.1325864771774958 85
1743088733063 0.03832505021900149 86
1743088810079 -0.3350036260908854 87
1743088883312 -0.06270829250208637 88
1743088957291 -0.005926698142754855 89
1743089031147 -0.0370467765256099 90
1743089105147 0.0499142806277869 91
1743089181590 -0.0022480416632559043 92
1743089255795 0.046036051809459536 93
1743089328785 -0.07207842430116732 94
1743089400620 -0.1308487954972029 95
1743089472426 0.04395533750730492 96
1743089541751 -0.07917681935931371 97
1743089617340 -0.11246116237944126 98
1743089689234 0.004888106641720767 99
