1743082417224 0.04453074325110529 0
1743082490103 0.041869875597213946 1
1743082565264 0.04127069377711603 2
1743082638203 0.0420009490115555 3
1743082711125 0.04222044400167423 4
1743082783569 0.041548047175670004 5
1743082857057 0.04164815916829593 6
1743082929725 0.04224573933174248 7
1743083002701 0.041489011979290655 8
1743083075757 0.0421282963019672 9
1743083148489 0.041737389750778675 10
1743083221095 0.04191380212982218 11
1743083294422 0.0423445932736451 12
1743083371006 0.0415186731704882 13
1743083444426 0.04256603107429468 14
1743083517164 0.043251779425394286 15
1743083590086 0.0423842068253593 16
1743083663199 0.0421760027147048 17
1743083735971 0.04325915514198425 18
1743083808537 0.0429463476216147 19
1743083881368 0.041807152578359714 20
1743083954375 0.042345181127059296 21
1743084026589 0.0419854449134294 22
1743084099743 0.04224880252007421 23
1743084172358 0.0429834827513701 24
1743084244967 0.04173154556159894 25
1743084318050 0.04218802621288525 26
1743084394081 0.04213356159601386 27
1743084466698 0.042209177733874406 28
1743084539556 0.042054202694159284 29
1743084612411 0.04152847840808905 30
1743084685180 0.04262759180257579 31
1743084758096 0.0419897127675114 32
1743084830522 0.04202931661523514 33
1743084903444 0.04093403537868411 34
1743084976273 0.04145755022894461 35
1743085048844 0.041258909537658824 36
1743085121367 0.04211111935311473 37
1743085194081 0.04191070633543121 38
1743085269504 0.042633780232676256 39
1743085342309 0.04192478313286613 40
1743085414918 0.04260142336410659 41
1743085487767 0.04183577588218805 42
1743085559463 0.04136800418861888 43
1743085632580 0.04259613699481621 44
1743085706816 0.04129302126544339 45
1743085780140 0.04281630817071333 46
1743085852871 0.04228579702337722 47
1743085926072 0.04182729392045444 48
1743085998392 0.04149332256349442 49
1743086071157 0.04269303720105778 50
1743086146651 0.041970380816374206 51
1743086219434 0.041385581941584815 52
1743086292309 0.041839160904340394 53
1743086365153 0.04189108962101953 54
1743086437843 0.042013212081070964 55
1743086510571 0.04237477717777857 56
1743086583378 0.042094986130307606 57
1743086656543 0.04164290460725348 58
1743086729592 0.04166990435206807 59
1743086802747 0.04107267345086886 60
1743086877562 0.042687806841376776 61
1743086949774 0.04223275589724104 62
1743087022291 0.04191182106342557 63
1743087095161 0.04220834632983783 64
1743087169083 0.04246044735313504 65
1743087243167 0.042224215519438675 66
1743087317295 0.04290765452921599 67
1743087391270 0.04144659661850729 68
1743087465375 0.041157444906453566 69
1743087539764 0.04260189852097651 70
1743087617357 0.04232330137694424 71
1743087691578 0.042381475256247955 72
1743087765673 0.04207854920190635 73
1743087839797 0.04159627761040534 74
1743087914017 0.04159800307108806 75
1743087988036 0.04152427640437455 76
1743088062224 0.04123081526738572 77
1743088136416 0.04192307154433085 78
1743088210732 0.04212773083285852 79
1743088284815 0.04223825697220497 80
1743088358978 0.04238661276371954 81
1743088436573 0.04248378688300198 82
1743088510669 0.042249625678975264 83
1743088584866 0.04290152920761725 84
1743088659061 0.041516132763476224 85
1743088733063 0.042330180301324474 86
1743088810079 0.04185598806666953 87
1743088883312 0.04221486679923076 88
1743088957291 0.04214880188236703 89
1743089031147 0.042471309876316914 90
1743089105147 0.0420041509376435 91
1743089181590 0.041575170258854655 92
1743089255795 0.0421725638223799 93
1743089328785 0.04176809319614114 94
1743089400620 0.04229377383379253 95
1743089472426 0.042083018915271844 96
1743089541751 0.042170492320002376 97
1743089617340 0.0410781375725161 98
1743089689234 0.04186846877910666 99
