1743584763779 -0.01712388416840087 0
1743584891688 -0.01712388416840087 1
1743585019477 0.017627597478911083 2
1743585146341 0.017627597478911083 3
1743585274263 0.017627597478911083 4
1743585403584 0.03562148739409484 5
1743585533709 0.06229665383849212 6
1743585662938 0.06229665383849212 7
1743585791467 0.06229665383849212 8
1743585918496 0.06750213895602433 9
1743586048798 0.09462367302119082 10
1743586179112 0.09462367302119082 11
1743586308422 0.13560638156808896 12
1743586434795 0.13560638156808896 13
1743586562321 0.1615590019892092 14
1743586690318 0.1615590019892092 15
1743586818319 0.1615590019892092 16
1743586946252 0.21785100655943038 17
1743587074796 0.21785100655943038 18
1743587206301 0.21785100655943038 19
1743587336385 0.21785100655943038 20
1743587467653 0.21785100655943038 21
1743587599034 0.21785100655943038 22
1743587730255 0.21785100655943038 23
1743587862175 0.21785100655943038 24
1743587993581 0.21785100655943038 25
1743588122575 0.22093492235154708 26
1743588251758 0.2401937048328314 27
1743588381009 0.2401937048328314 28
1743588511395 0.2401937048328314 29
1743588640010 0.2401937048328314 30
1743588769386 0.2401937048328314 31
1743588897389 0.2401937048328314 32
1743589026451 0.2401937048328314 33
1743589154233 0.2401937048328314 34
1743589280784 0.2401937048328314 35
1743589408322 0.24619007729752818 36
1743589536118 0.26500806269176463 37
1743589663669 0.26500806269176463 38
1743589791220 0.26500806269176463 39
1743589917403 0.26500806269176463 40
1743590044784 0.26500806269176463 41
1743590172317 0.26500806269176463 42
1743590301395 0.27200235119296573 43
1743590433100 0.27200235119296573 44
1743590562923 0.27200235119296573 45
1743590694572 0.27200235119296573 46
1743590826092 0.27200235119296573 47
1743590957585 0.27200235119296573 48
1743591087265 0.27200235119296573 49
1743591214983 0.27200235119296573 50
1743591340828 0.27200235119296573 51
1743591468720 0.27200235119296573 52
1743591597635 0.2809191544390575 53
1743591727164 0.2809191544390575 54
1743591854784 0.2809191544390575 55
1743591984061 0.2809191544390575 56
1743592113114 0.2809191544390575 57
1743592240953 0.2809191544390575 58
1743592368714 0.2809191544390575 59
1743592495053 0.2809191544390575 60
1743592623295 0.2809191544390575 61
1743592751684 0.2809191544390575 62
1743592879525 0.2809191544390575 63
1743593005587 0.2809191544390575 64
1743593133215 0.2809191544390575 65
1743593263643 0.2809191544390575 66
1743593393008 0.2809191544390575 67
1743593519503 0.2809191544390575 68
1743593647423 0.2809191544390575 69
1743593775841 0.2809191544390575 70
1743593904629 0.2809191544390575 71
1743594036366 0.2809191544390575 72
1743594166201 0.2809191544390575 73
1743594297679 0.2809191544390575 74
1743594429300 0.2809191544390575 75
1743594560945 0.2809191544390575 76
1743594692643 0.2809191544390575 77
1743594824431 0.2809191544390575 78
1743594953863 0.2809191544390575 79
1743595085376 0.2809191544390575 80
1743595217273 0.2809191544390575 81
1743595349206 0.2809191544390575 82
1743595480837 0.2809191544390575 83
1743595612614 0.2809191544390575 84
1743595744013 0.2809191544390575 85
1743595873671 0.2809191544390575 86
1743596005303 0.2809191544390575 87
1743596137215 0.2809191544390575 88
1743596265608 0.2809191544390575 89
1743596391603 0.2809191544390575 90
1743596519873 0.2809191544390575 91
1743596647879 0.2809191544390575 92
1743596775771 0.2809191544390575 93
1743596902131 0.2809191544390575 94
1743597030194 0.2809191544390575 95
1743597158158 0.2809191544390575 96
1743597286787 0.2809191544390575 97
1743597412520 0.2809191544390575 98
1743597540932 0.2809191544390575 99
1743597669317 0.2809191544390575 100
1743597795160 0.2809191544390575 101
1743597923591 0.2809191544390575 102
1743598051815 0.2809191544390575 103
1743598180146 0.2809191544390575 104
1743598306131 0.2809191544390575 105
1743598434053 0.2809191544390575 106
1743598562951 0.2809191544390575 107
1743598688532 0.2809191544390575 108
1743598816013 0.2809191544390575 109
1743598943885 0.2809191544390575 110
1743599069227 0.2809191544390575 111
1743599196830 0.2809191544390575 112
1743599324704 0.2809191544390575 113
1743599450231 0.2809191544390575 114
1743599577483 0.2809191544390575 115
1743599705228 0.2809191544390575 116
1743599830129 0.2809191544390575 117
1743599957888 0.2809191544390575 118
1743600085602 0.2809191544390575 119
1743600210879 0.2809191544390575 120
1743600338558 0.2809191544390575 121
1743600466096 0.2809191544390575 122
1743600591638 0.2809191544390575 123
1743600719031 0.2809191544390575 124
1743600846730 0.2809191544390575 125
1743600971902 0.2809191544390575 126
1743601099740 0.2809191544390575 127
1743601227397 0.2809191544390575 128
1743601352530 0.2809191544390575 129
1743601481476 0.2809191544390575 130
1743601606834 0.2809191544390575 131
1743601734614 0.2809191544390575 132
1743601862052 0.2809191544390575 133
1743601987373 0.2809191544390575 134
1743602115262 0.2809191544390575 135
1743602242923 0.2809191544390575 136
1743602369954 0.2809191544390575 137
1743602497025 0.2809191544390575 138
1743602623765 0.2809191544390575 139
1743602752701 0.2809191544390575 140
1743602883214 0.2809191544390575 141
1743603013594 0.2809191544390575 142
1743603144002 0.2809191544390575 143
1743603274485 0.2809191544390575 144
1743603405090 0.2809191544390575 145
1743603535282 0.2809191544390575 146
1743603666334 0.2809191544390575 147
1743603800641 0.2809191544390575 148
1743603935028 0.2809191544390575 149
1743604069297 0.2809191544390575 150
1743604203640 0.2809191544390575 151
1743604338251 0.2809191544390575 152
1743604472576 0.2809191544390575 153
1743604607043 0.2809191544390575 154
1743604741688 0.28428846336234537 155
1743604876201 0.28428846336234537 156
1743605010662 0.28428846336234537 157
1743605145037 0.28428846336234537 158
1743605276284 0.28428846336234537 159
1743605406820 0.28428846336234537 160
1743605541667 0.28428846336234537 161
1743605675164 0.28428846336234537 162
1743605805917 0.28428846336234537 163
1743605938112 0.28428846336234537 164
1743606072735 0.28428846336234537 165
1743606206992 0.28428846336234537 166
1743606341226 0.28428846336234537 167
1743606475485 0.28428846336234537 168
1743606605097 0.28428846336234537 169
1743606732135 0.28428846336234537 170
1743606859336 0.28428846336234537 171
1743606986328 0.28428846336234537 172
1743607117686 0.28428846336234537 173
1743607249262 0.28428846336234537 174
1743607380593 0.28428846336234537 175
1743607512119 0.28428846336234537 176
1743607643618 0.28428846336234537 177
1743607775099 0.28428846336234537 178
1743607906527 0.28428846336234537 179
1743608034858 0.28428846336234537 180
1743608162466 0.28428846336234537 181
1743608290105 0.28428846336234537 182
1743608418227 0.28428846336234537 183
1743608549704 0.28428846336234537 184
1743608682414 0.28428846336234537 185
1743608816712 0.28428846336234537 186
1743608947541 0.28428846336234537 187
1743609075236 0.28428846336234537 188
1743609203060 0.28428846336234537 189
1743609330834 0.28428846336234537 190
1743609458547 0.30001136364603737 191
1743609586294 0.30001136364603737 192
1743609713566 0.30001136364603737 193
1743609844562 0.30001136364603737 194
1743609976168 0.30001136364603737 195
1743610107820 0.30001136364603737 196
1743610239450 0.30001136364603737 197
1743610370996 0.30001136364603737 198
1743610502807 0.30001136364603737 199
