1743584763787 -0.004967772510587518 0
1743584891691 -0.004967772510587518 1
1743585019486 0.022794457529393478 2
1743585146344 0.022794457529393478 3
1743585274265 0.022794457529393478 4
1743585403592 0.07539386534019003 5
1743585533717 0.1129212539926176 6
1743585662946 0.11402849347495181 7
1743585791475 0.11484416028772132 8
1743585918506 0.12703959529757533 9
1743586048807 0.16756385278356212 10
1743586179114 0.16756385278356212 11
1743586308430 0.2392357851963059 12
1743586434802 0.2638070508509754 13
1743586562330 0.26678072576670325 14
1743586690320 0.26678072576670325 15
1743586818321 0.26678072576670325 16
1743586946262 0.3357487281793229 17
1743587074799 0.3357487281793229 18
1743587206309 0.34178811718031515 19
1743587336391 0.34737798812857856 20
1743587467655 0.34737798812857856 21
1743587599036 0.34737798812857856 22
1743587730257 0.34737798812857856 23
1743587862177 0.34737798812857856 24
1743587993583 0.34737798812857856 25
1743588122584 0.3528005412511588 26
1743588251765 0.4078418875893551 27
1743588381011 0.4078418875893551 28
1743588511397 0.4078418875893551 29
1743588640013 0.4078418875893551 30
1743588769388 0.4078418875893551 31
1743588897397 0.4128463862448824 32
1743589026454 0.4128463862448824 33
1743589154235 0.4128463862448824 34
1743589280786 0.4128463862448824 35
1743589408325 0.4128463862448824 36
1743589536126 0.4301336740770673 37
1743589663671 0.4301336740770673 38
1743589791222 0.4301336740770673 39
1743589917405 0.4301336740770673 40
1743590044786 0.4301336740770673 41
1743590172319 0.4301336740770673 42
1743590301397 0.4301336740770673 43
1743590433102 0.4301336740770673 44
1743590562925 0.4301336740770673 45
1743590694574 0.4301336740770673 46
1743590826093 0.4301336740770673 47
1743590957587 0.4301336740770673 48
1743591087272 0.44309088456512696 49
1743591214986 0.44309088456512696 50
1743591340830 0.44309088456512696 51
1743591468722 0.44309088456512696 52
1743591597637 0.44309088456512696 53
1743591727166 0.44309088456512696 54
1743591854786 0.44309088456512696 55
1743591984063 0.44309088456512696 56
1743592113116 0.44309088456512696 57
1743592240956 0.44309088456512696 58
1743592368716 0.44309088456512696 59
1743592495055 0.44309088456512696 60
1743592623297 0.44309088456512696 61
1743592751686 0.44309088456512696 62
1743592879527 0.44309088456512696 63
1743593005589 0.44309088456512696 64
1743593133217 0.44309088456512696 65
1743593263646 0.44309088456512696 66
1743593393010 0.44309088456512696 67
1743593519511 0.4742299211910393 68
1743593647425 0.4742299211910393 69
1743593775843 0.4742299211910393 70
1743593904631 0.4742299211910393 71
1743594036368 0.4742299211910393 72
1743594166203 0.4742299211910393 73
1743594297681 0.4742299211910393 74
1743594429302 0.4742299211910393 75
1743594560946 0.4742299211910393 76
1743594692645 0.4742299211910393 77
1743594824433 0.4742299211910393 78
1743594953865 0.4742299211910393 79
1743595085378 0.4742299211910393 80
1743595217275 0.4742299211910393 81
1743595349208 0.4742299211910393 82
1743595480839 0.4742299211910393 83
1743595612616 0.4742299211910393 84
1743595744015 0.4742299211910393 85
1743595873673 0.4742299211910393 86
1743596005305 0.4742299211910393 87
1743596137219 0.4742299211910393 88
1743596265609 0.4742299211910393 89
1743596391605 0.4742299211910393 90
1743596519876 0.4742299211910393 91
1743596647881 0.4742299211910393 92
1743596775773 0.4742299211910393 93
1743596902133 0.4742299211910393 94
1743597030196 0.4742299211910393 95
1743597158160 0.4742299211910393 96
1743597286789 0.4742299211910393 97
1743597412523 0.4742299211910393 98
1743597540935 0.4742299211910393 99
1743597669319 0.4742299211910393 100
1743597795162 0.4742299211910393 101
1743597923594 0.4742299211910393 102
1743598051818 0.4742299211910393 103
1743598180149 0.4742299211910393 104
1743598306133 0.4742299211910393 105
1743598434056 0.4742299211910393 106
1743598562954 0.4742299211910393 107
1743598688535 0.4742299211910393 108
1743598816015 0.4742299211910393 109
1743598943887 0.4742299211910393 110
1743599069228 0.4742299211910393 111
1743599196832 0.4742299211910393 112
1743599324706 0.4742299211910393 113
1743599450233 0.4742299211910393 114
1743599577484 0.4742299211910393 115
1743599705230 0.4742299211910393 116
1743599830132 0.4742299211910393 117
1743599957890 0.4742299211910393 118
1743600085604 0.4742299211910393 119
1743600210881 0.4742299211910393 120
1743600338559 0.4742299211910393 121
1743600466099 0.4742299211910393 122
1743600591640 0.4742299211910393 123
1743600719033 0.4742299211910393 124
1743600846732 0.4742299211910393 125
1743600971904 0.4742299211910393 126
1743601099742 0.4742299211910393 127
1743601227399 0.4742299211910393 128
1743601352532 0.4742299211910393 129
1743601481477 0.4742299211910393 130
1743601606836 0.4742299211910393 131
1743601734616 0.4742299211910393 132
1743601862054 0.4742299211910393 133
1743601987375 0.4742299211910393 134
1743602115264 0.4742299211910393 135
1743602242925 0.4742299211910393 136
1743602369956 0.4742299211910393 137
1743602497028 0.4742299211910393 138
1743602623767 0.4742299211910393 139
1743602752703 0.4742299211910393 140
1743602883216 0.4742299211910393 141
1743603013596 0.4742299211910393 142
1743603144005 0.4742299211910393 143
1743603274487 0.4742299211910393 144
1743603405093 0.4742299211910393 145
1743603535284 0.4742299211910393 146
1743603666336 0.4742299211910393 147
1743603800644 0.4742299211910393 148
1743603935030 0.4742299211910393 149
1743604069300 0.4742299211910393 150
1743604203642 0.4742299211910393 151
1743604338254 0.4742299211910393 152
1743604472578 0.4742299211910393 153
1743604607045 0.4742299211910393 154
1743604741691 0.4742299211910393 155
1743604876203 0.4742299211910393 156
1743605010664 0.4742299211910393 157
1743605145039 0.4742299211910393 158
1743605276286 0.4742299211910393 159
1743605406822 0.4742299211910393 160
1743605541670 0.4742299211910393 161
1743605675166 0.4742299211910393 162
1743605805919 0.4742299211910393 163
1743605938114 0.4742299211910393 164
1743606072738 0.4742299211910393 165
1743606206995 0.4742299211910393 166
1743606341229 0.4742299211910393 167
1743606475487 0.4742299211910393 168
1743606605100 0.4742299211910393 169
1743606732138 0.4742299211910393 170
1743606859338 0.4742299211910393 171
1743606986331 0.4742299211910393 172
1743607117688 0.4742299211910393 173
1743607249264 0.4742299211910393 174
1743607380595 0.4742299211910393 175
1743607512122 0.4742299211910393 176
1743607643620 0.4742299211910393 177
1743607775101 0.4742299211910393 178
1743607906530 0.4742299211910393 179
1743608034861 0.4742299211910393 180
1743608162468 0.4742299211910393 181
1743608290107 0.4742299211910393 182
1743608418229 0.4742299211910393 183
1743608549706 0.4742299211910393 184
1743608682416 0.4742299211910393 185
1743608816715 0.4742299211910393 186
1743608947544 0.4742299211910393 187
1743609075238 0.4742299211910393 188
1743609203062 0.4742299211910393 189
1743609330836 0.4742299211910393 190
1743609458550 0.4742299211910393 191
1743609586297 0.4742299211910393 192
1743609713568 0.4742299211910393 193
1743609844565 0.4742299211910393 194
1743609976170 0.4742299211910393 195
1743610107822 0.4742299211910393 196
1743610239452 0.4742299211910393 197
1743610370999 0.4742299211910393 198
1743610502809 0.4742299211910393 199
