1743584763770 -0.01712388416840087 0
1743584891684 -0.028761806370793227 1
1743585019469 0.017627597478911083 2
1743585146338 0.015539043745561676 3
1743585274260 -0.009684143655988067 4
1743585403574 0.03562148739409484 5
1743585533701 0.06229665383849212 6
1743585662935 0.05870978695024924 7
1743585791464 0.04889433847614407 8
1743585918486 0.06750213895602433 9
1743586048789 0.09462367302119082 10
1743586179108 0.004610407051490089 11
1743586308413 0.13560638156808896 12
1743586434792 0.13406747292938898 13
1743586562310 0.1615590019892092 14
1743586690315 0.12391602135207941 15
1743586818316 0.1491207008125443 16
1743586946241 0.21785100655943038 17
1743587074792 0.2027018392631103 18
1743587206298 0.19203165568478725 19
1743587336382 0.21069508543035803 20
1743587467651 0.20412421543026127 21
1743587599031 0.18949037001814137 22
1743587730253 0.1993894694389407 23
1743587862171 0.209168825532188 24
1743587993579 0.20572206270497584 25
1743588122565 0.22093492235154708 26
1743588251747 0.2401937048328314 27
1743588381006 0.21342154802520846 28
1743588511391 0.22087098145626735 29
1743588640006 0.18340081145154774 30
1743588769383 0.19447217607639064 31
1743588897386 0.22155771594688672 32
1743589026449 0.23801082195643014 33
1743589154230 0.21827981167745703 34
1743589280781 0.222646891682643 35
1743589408310 0.24619007729752818 36
1743589536108 0.26500806269176463 37
1743589663666 0.23314833031258547 38
1743589791217 0.21689674425748548 39
1743589917400 0.22420464935763554 40
1743590044781 0.25032472721812055 41
1743590172314 0.22398903893524288 42
1743590301386 0.27200235119296573 43
1743590433097 0.2274810070311185 44
1743590562921 0.26264227095638654 45
1743590694569 0.24069484114783696 46
1743590826089 0.21201916828122283 47
1743590957583 0.24853778780783664 48
1743591087262 0.2448119183501391 49
1743591214980 0.2389673611523212 50
1743591340825 0.19403320514256042 51
1743591468717 0.2562646537932674 52
1743591597627 0.2809191544390575 53
1743591727161 0.2247734754457538 54
1743591854781 0.22872413216505463 55
1743591984058 0.23887994455229297 56
1743592113110 0.24131423132945848 57
1743592240949 0.20851013045385036 58
1743592368711 0.17980418300332307 59
1743592495050 0.23016858497821974 60
1743592623293 0.16960510353040928 61
1743592751681 0.26251373052011845 62
1743592879522 0.25409845509546647 63
1743593005584 0.25310382315151164 64
1743593133212 0.2587083702949152 65
1743593263641 0.19101268126294094 66
1743593393005 0.16290459125375137 67
1743593519500 0.267088106001732 68
1743593647421 0.21810386610874258 69
1743593775838 0.23429022662267654 70
1743593904626 0.233268195710648 71
1743594036363 0.2405770667742548 72
1743594166198 0.22385541090433114 73
1743594297676 0.23905677466007788 74
1743594429297 0.2529382363473748 75
1743594560942 0.22678261737876887 76
1743594692641 0.1466096433292618 77
1743594824427 0.1681716822312039 78
1743594953859 0.24147027947496166 79
1743595085373 0.2005372562519289 80
1743595217270 0.20377338862748742 81
1743595349203 0.18219681364905715 82
1743595480834 0.24302986071543065 83
1743595612611 0.21370319196362708 84
1743595744010 0.18800079291473154 85
1743595873668 0.2426435357146396 86
1743596005300 0.22512410086023577 87
1743596137212 0.23041842896887435 88
1743596265604 0.23646180966648533 89
1743596391598 0.18418433719576138 90
1743596519869 0.21607065556819804 91
1743596647876 0.24679051420664824 92
1743596775768 0.23566224147289716 93
1743596902128 0.23682684775044013 94
1743597030191 0.22434381114691315 95
1743597158155 0.21117484936300607 96
1743597286783 0.17177284729619643 97
1743597412517 0.24829488212744555 98
1743597540929 0.23926202422705412 99
1743597669314 0.21424900171613834 100
1743597795157 0.22937912163767885 101
1743597923587 0.2544543346241821 102
1743598051812 0.24633948725781546 103
1743598180142 0.24158193169342349 104
1743598306128 0.25160942652710555 105
1743598434050 0.2773977320609071 106
1743598562947 0.22865226060758484 107
1743598688529 0.23807467216257677 108
1743598816010 0.19799824460002413 109
1743598943883 0.2547003957283057 110
1743599069224 0.20905013153805302 111
1743599196827 0.2514893192191888 112
1743599324701 0.22213722823449258 113
1743599450228 0.2501851726776173 114
1743599577480 0.1907762581277395 115
1743599705225 0.20108044883821236 116
1743599830125 0.24785762819561283 117
1743599957885 0.19800807382696642 118
1743600085599 0.1955210924849834 119
1743600210876 0.24871539377308743 120
1743600338555 0.2077060557789291 121
1743600466093 0.23522477314727863 122
1743600591635 0.21170466893573162 123
1743600719028 0.23443933464678116 124
1743600846727 0.22672127688029897 125
1743600971899 0.18270291565244165 126
1743601099738 0.23500544157415804 127
1743601227394 0.20372493342388207 128
1743601352527 0.25878212378346577 129
1743601481473 0.18279124274319403 130
1743601606831 0.27797767804919465 131
1743601734611 0.2553668084064463 132
1743601862049 0.18905955288412263 133
1743601987370 0.19463918613555498 134
1743602115259 0.23835215648907046 135
1743602242920 0.19365187935751416 136
1743602369951 0.21361795037599515 137
1743602497022 0.23119141661075873 138
1743602623762 0.22822867228992588 139
1743602752697 0.20047272461888774 140
1743602883211 0.2054622860425417 141
1743603013590 0.23915634131864474 142
1743603143999 0.2224061285160792 143
1743603274482 0.20207934328682098 144
1743603405087 0.22320677120130383 145
1743603535278 0.18795566396849714 146
1743603666330 0.20804967037012373 147
1743603800637 0.19585717857586618 148
1743603935025 0.19342350331536082 149
1743604069293 0.25740256462019334 150
1743604203636 0.23015110113455972 151
1743604338248 0.19607027144796907 152
1743604472572 0.2167960668759294 153
1743604607039 0.19562361026321398 154
1743604741677 0.28428846336234537 155
1743604876197 0.1983519428945714 156
1743605010658 0.2519555667514053 157
1743605145034 0.2242797862433355 158
1743605276280 0.21469993297216733 159
1743605406816 0.253480340135204 160
1743605541663 0.24071043011107224 161
1743605675160 0.12287930464851551 162
1743605805914 0.21554777867736005 163
1743605938108 0.2434166660905386 164
1743606072731 0.193130094399522 165
1743606206989 0.2098513386531638 166
1743606341222 0.2359412505928612 167
1743606475482 0.20384411633061578 168
1743606605094 0.19886310920545947 169
1743606732132 0.2496825958041974 170
1743606859333 0.2597737424812957 171
1743606986325 0.1715539803770646 172
1743607117682 0.2407222429834645 173
1743607249259 0.24949194154568222 174
1743607380589 0.159971800477818 175
1743607512115 0.22129781494382986 176
1743607643614 0.25644813611361233 177
1743607775094 0.19782907168272285 178
1743607906524 0.1884453714316125 179
1743608034854 0.2006744908692426 180
1743608162463 0.25054805544173686 181
1743608290101 0.24942718588111634 182
1743608418224 0.193836113214114 183
1743608549699 0.18101308528919186 184
1743608682410 0.16819463719375435 185
1743608816709 0.22073385226247288 186
1743608947537 0.21928939526022836 187
1743609075232 0.22586332761511452 188
1743609203056 0.2039209354761135 189
1743609330831 0.17961311579270828 190
1743609458536 0.30001136364603737 191
1743609586291 0.21133331228751856 192
1743609713563 0.22642264118798378 193
1743609844559 0.18773780059658804 194
1743609976164 0.23390042337729297 195
1743610107817 0.1701936596320905 196
1743610239447 0.1699594055415906 197
1743610370993 0.2584540486863907 198
1743610502803 0.2082635541715109 199
