1743584763770 -0.004967772510587518 0
1743584891684 -0.03209798400051705 1
1743585019469 0.022794457529393478 2
1743585146338 0.02270065929894867 3
1743585274260 -3.730254010110832e-05 4
1743585403574 0.07539386534019003 5
1743585533701 0.1129212539926176 6
1743585662935 0.11402849347495181 7
1743585791464 0.11484416028772132 8
1743585918486 0.12703959529757533 9
1743586048789 0.16756385278356212 10
1743586179108 0.020824107601437006 11
1743586308413 0.2392357851963059 12
1743586434792 0.2638070508509754 13
1743586562310 0.26678072576670325 14
1743586690315 0.2638341860814811 15
1743586818316 0.23202588195716245 16
1743586946241 0.3357487281793229 17
1743587074792 0.30368679801755133 18
1743587206298 0.34178811718031515 19
1743587336382 0.34737798812857856 20
1743587467651 0.33891114806310996 21
1743587599031 0.3055091062844839 22
1743587730253 0.3124135479566705 23
1743587862171 0.32959858104504813 24
1743587993579 0.3387025035989166 25
1743588122565 0.3528005412511588 26
1743588251747 0.4078418875893551 27
1743588381006 0.381296869867093 28
1743588511391 0.3868246312328941 29
1743588640006 0.3032002066703925 30
1743588769383 0.36237169302031075 31
1743588897386 0.4128463862448824 32
1743589026449 0.3738119985639291 33
1743589154230 0.41208924830045124 34
1743589280781 0.3862377055649452 35
1743589408310 0.40495935710047154 36
1743589536108 0.4301336740770673 37
1743589663666 0.41479654762923535 38
1743589791217 0.39103449325531964 39
1743589917400 0.3755619080646665 40
1743590044781 0.42045644462914933 41
1743590172314 0.4270158632384178 42
1743590301386 0.37842020639730606 43
1743590433097 0.39077051607220686 44
1743590562921 0.4286851535142238 45
1743590694569 0.410972336315608 46
1743590826089 0.3543141374018741 47
1743590957583 0.3751423161946681 48
1743591087262 0.44309088456512696 49
1743591214980 0.415365823586543 50
1743591340825 0.35630553281473626 51
1743591468717 0.42839426577335443 52
1743591597627 0.395333160193757 53
1743591727161 0.4124826652150952 54
1743591854781 0.39873381220719983 55
1743591984058 0.38317441042523853 56
1743592113110 0.40859397835285616 57
1743592240949 0.3365518573579075 58
1743592368711 0.2768229185510155 59
1743592495050 0.38420707364732554 60
1743592623293 0.3392000423117569 61
1743592751681 0.4240365546695231 62
1743592879522 0.42246737942871293 63
1743593005584 0.40827561090224934 64
1743593133212 0.39610750105669124 65
1743593263641 0.3480519420901549 66
1743593393005 0.2750163663034714 67
1743593519500 0.4742299211910393 68
1743593647421 0.38094317968749003 69
1743593775838 0.4722019094537455 70
1743593904626 0.4003501014323802 71
1743594036363 0.4258282218961439 72
1743594166198 0.36202861758687177 73
1743594297676 0.44088234422818234 74
1743594429297 0.4146171982172005 75
1743594560942 0.4125024148040326 76
1743594692641 0.2823331705921297 77
1743594824427 0.29312993155569184 78
1743594953859 0.39855050645686535 79
1743595085373 0.4301340160880119 80
1743595217270 0.3393221259133099 81
1743595349203 0.31724871086003237 82
1743595480834 0.43760709579448626 83
1743595612611 0.40885186313428956 84
1743595744010 0.4393702593849944 85
1743595873668 0.4087595947082605 86
1743596005300 0.4421175118736808 87
1743596137212 0.39704084881944735 88
1743596265604 0.36911953719398416 89
1743596391598 0.3069708878433226 90
1743596519869 0.36393294128552595 91
1743596647876 0.4000500152903352 92
1743596775768 0.3801318454707713 93
1743596902128 0.3900189390595579 94
1743597030191 0.44617533640453944 95
1743597158155 0.39892822189471616 96
1743597286783 0.3318533371774282 97
1743597412517 0.3531071122097115 98
1743597540929 0.43809526991232856 99
1743597669314 0.35207631995176963 100
1743597795157 0.43369576922247177 101
1743597923587 0.43326346470713706 102
1743598051812 0.39814757683934676 103
1743598180142 0.4522054912897219 104
1743598306128 0.399301265645363 105
1743598434050 0.44148494042043196 106
1743598562947 0.4254914573131692 107
1743598688529 0.43179343082411303 108
1743598816010 0.37923341908107683 109
1743598943883 0.4078386606797551 110
1743599069224 0.42075580869246837 111
1743599196827 0.4447238539276189 112
1743599324701 0.3561379566655208 113
1743599450228 0.4380830381984755 114
1743599577480 0.3660509607779326 115
1743599705225 0.3779084119371677 116
1743599830125 0.39879300154464253 117
1743599957885 0.37875261796980464 118
1743600085599 0.3539602499147633 119
1743600210876 0.43096880664409176 120
1743600338555 0.35350571476446724 121
1743600466093 0.4122982223289256 122
1743600591635 0.33643802831972525 123
1743600719028 0.38918935445705216 124
1743600846727 0.4089261926290143 125
1743600971899 0.25112863078285486 126
1743601099738 0.36352168565673326 127
1743601227394 0.3264531872658164 128
1743601352527 0.4629393031805256 129
1743601481473 0.3433701109900072 130
1743601606831 0.4612213317282057 131
1743601734611 0.4395070992472036 132
1743601862049 0.28976642539197933 133
1743601987370 0.4198163845500742 134
1743602115259 0.4083066873477066 135
1743602242920 0.3241792652638531 136
1743602369951 0.3798343346024566 137
1743602497022 0.3981974893947341 138
1743602623762 0.3840675849826375 139
1743602752697 0.3381333503428588 140
1743602883211 0.36432456188087975 141
1743603013590 0.4198416398221722 142
1743603143999 0.43957079204158983 143
1743603274482 0.3745877644473018 144
1743603405087 0.4280899698690508 145
1743603535278 0.2546847402502226 146
1743603666330 0.3823452955275831 147
1743603800637 0.35275779576573607 148
1743603935025 0.3783838114403511 149
1743604069293 0.39405413243596965 150
1743604203636 0.39494796575510793 151
1743604338248 0.34234073558071976 152
1743604472572 0.34956800324586174 153
1743604607039 0.32870698715268554 154
1743604741677 0.44719213228099647 155
1743604876197 0.366449196031736 156
1743605010658 0.4242219453544007 157
1743605145034 0.41760499366001824 158
1743605276280 0.3440993623783579 159
1743605406816 0.4266020734860306 160
1743605541663 0.4096911116214335 161
1743605675160 0.23560768569682844 162
1743605805914 0.4114545169793588 163
1743605938108 0.43255194450389794 164
1743606072731 0.3572885137520343 165
1743606206989 0.38279648107173186 166
1743606341222 0.3951986184079423 167
1743606475482 0.368483579582441 168
1743606605094 0.30299652854534803 169
1743606732132 0.4547316959330982 170
1743606859333 0.4008295974887238 171
1743606986325 0.33131708260653414 172
1743607117682 0.43623773103609215 173
1743607249259 0.44225245086918635 174
1743607380589 0.3663950861654946 175
1743607512115 0.42152864011497726 176
1743607643614 0.3633738101005455 177
1743607775094 0.34252125200667355 178
1743607906524 0.36331289546647005 179
1743608034854 0.382735202319233 180
1743608162463 0.42053661126879016 181
1743608290101 0.39369645939438086 182
1743608418224 0.30062088001348 183
1743608549699 0.3104356101723724 184
1743608682410 0.33210177984380185 185
1743608816709 0.37370167104409135 186
1743608947537 0.3839152404065197 187
1743609075232 0.4426367727239758 188
1743609203056 0.34969045923979947 189
1743609330831 0.35218766120759604 190
1743609458536 0.44776660317818817 191
1743609586291 0.35023802194267517 192
1743609713563 0.38098021238693625 193
1743609844559 0.33365924874591957 194
1743609976164 0.4255819339938733 195
1743610107817 0.3973219139169952 196
1743610239447 0.35750450773200226 197
1743610370993 0.4433478167341952 198
1743610502803 0.41358056486219985 199
