1743584763770 0.002736571042850653 0
1743584891684 0.0024099117622020834 1
1743585019469 0.0023947516317608165 2
1743585146338 0.0023989835438023334 3
1743585274260 0.0023960327305920723 4
1743585403574 0.002409942391256748 5
1743585533701 0.0023989245605829535 6
1743585662935 0.0023872515427449397 7
1743585791464 0.0024059451851445772 8
1743585918486 0.002405226657545478 9
1743586048789 0.002401781694118697 10
1743586179108 0.0023955007182799555 11
1743586308413 0.0023822830694331257 12
1743586434792 0.002385767370127239 13
1743586562310 0.002385687761721503 14
1743586690315 0.0023787107908667675 15
1743586818316 0.00236430765115762 16
1743586946241 0.002368305183273468 17
1743587074792 0.0023588940875128484 18
1743587206298 0.0023712319684428555 19
1743587336382 0.0023673372524635515 20
1743587467651 0.0023681077094513748 21
1743587599031 0.0023606434246711107 22
1743587730253 0.0023758153464961567 23
1743587862171 0.0023587103407086245 24
1743587993579 0.0023549264406984355 25
1743588122565 0.0023463069685146004 26
1743588251747 0.0023607127109522914 27
1743588381006 0.002340602841197257 28
1743588511391 0.002351211571100375 29
1743588640006 0.0023582637619517497 30
1743588769383 0.002335068794422426 31
1743588897386 0.002335349229961999 32
1743589026449 0.0023302501540520145 33
1743589154230 0.0023417385222044514 34
1743589280781 0.0023349659142676486 35
1743589408310 0.0023368942386580013 36
1743589536108 0.0023410366501515623 37
1743589663666 0.0023465916455679306 38
1743589791217 0.002343722107174322 39
1743589917400 0.0023480638186406545 40
1743590044781 0.0023390058929185446 41
1743590172314 0.002333571749042896 42
1743590301386 0.0023325057928621665 43
1743590433097 0.0023525886762815473 44
1743590562921 0.0023300147836786515 45
1743590694569 0.002346076891470485 46
1743590826089 0.0023418467764248466 47
1743590957583 0.002313228797056629 48
1743591087262 0.0023222987993902506 49
1743591214980 0.002330245554525464 50
1743591340825 0.002329143254337555 51
1743591468717 0.0023162670424550563 52
1743591597627 0.002315440473893752 53
1743591727161 0.002324319069661957 54
1743591854781 0.0023346755846489985 55
1743591984058 0.0023270266521200145 56
1743592113110 0.002302966409463977 57
1743592240949 0.002320177606820747 58
1743592368711 0.0023306295950122295 59
1743592495050 0.0023238586823353235 60
1743592623293 0.0023400733963424916 61
1743592751681 0.0023322827349891544 62
1743592879522 0.0023263255874308286 63
1743593005584 0.0023108457283226155 64
1743593133212 0.002331855884245915 65
1743593263641 0.00233223600963036 66
1743593393005 0.002312891123304225 67
1743593519500 0.0023174555770377587 68
1743593647421 0.002325118611723302 69
1743593775838 0.002311029808266307 70
1743593904626 0.002333470543760043 71
1743594036363 0.002312559721707619 72
1743594166198 0.002323529012900844 73
1743594297676 0.00232929366701095 74
1743594429297 0.002285182417224401 75
1743594560942 0.002312554967436359 76
1743594692641 0.002332673640921712 77
1743594824427 0.002317290707864846 78
1743594953859 0.0023347315942826184 79
1743595085373 0.002321255822900859 80
1743595217270 0.002325659306457302 81
1743595349203 0.0023173961793309023 82
1743595480834 0.002329566158377117 83
1743595612611 0.0023471098976297834 84
1743595744010 0.0023370762889790503 85
1743595873668 0.0023252564189211837 86
1743596005300 0.0023054878165025506 87
1743596137212 0.002338306522265977 88
1743596265604 0.0023382863577458544 89
1743596391598 0.0023172509142127535 90
1743596519869 0.0023136865869555915 91
1743596647876 0.0023263288715254064 92
1743596775768 0.002340881774754911 93
1743596902128 0.0023196436166714376 94
1743597030191 0.0023163493064961246 95
1743597158155 0.00232340786288021 96
1743597286783 0.0023216853652642012 97
1743597412517 0.002320172769774319 98
1743597540929 0.002321086278765898 99
1743597669314 0.0023290663560030364 100
1743597795157 0.002315372487345805 101
1743597923587 0.002318850520471414 102
1743598051812 0.0023175850946899838 103
1743598180142 0.0023185448448260148 104
1743598306128 0.0023272922737589156 105
1743598434050 0.00233015630271077 106
1743598562947 0.0023107646565701675 107
1743598688529 0.0023086494421619016 108
1743598816010 0.002319305441374915 109
1743598943883 0.0023197443032842748 110
1743599069224 0.002318436615886705 111
1743599196827 0.0023389901933643558 112
1743599324701 0.0023313215275208633 113
1743599450228 0.0023122215213338907 114
1743599577480 0.002314989987578106 115
1743599705225 0.002327381899081262 116
1743599830125 0.002332137679051601 117
1743599957885 0.0023024157627490587 118
1743600085599 0.0023441271433988406 119
1743600210876 0.002314504174615098 120
1743600338555 0.0023218572319969664 121
1743600466093 0.0023083063213549383 122
1743600591635 0.0023181601527396544 123
1743600719028 0.002305841305816706 124
1743600846727 0.002306929779289561 125
1743600971899 0.002311270693586177 126
1743601099738 0.0023179273133291725 127
1743601227394 0.002342921931047038 128
1743601352527 0.002306170682276023 129
1743601481473 0.0023261730566509916 130
1743601606831 0.0023105789258123593 131
1743601734611 0.0023086478390556397 132
1743601862049 0.0023465498404384912 133
1743601987370 0.00232133841579992 134
1743602115259 0.0023221372901551726 135
1743602242920 0.00233097739139288 136
1743602369951 0.0023138471069662535 137
1743602497022 0.0023037084925107516 138
1743602623762 0.0023139306201783844 139
1743602752697 0.0023066379309708545 140
1743602883211 0.0023013267373737933 141
1743603013590 0.0023245268226919236 142
1743603143999 0.0023119889194432863 143
1743603274482 0.002321114725899767 144
1743603405087 0.002309605467211514 145
1743603535278 0.0023116966692776453 146
1743603666330 0.002311309960616945 147
1743603800637 0.0023067537638083125 148
1743603935025 0.0023207530667173517 149
1743604069293 0.0023184571779722874 150
1743604203636 0.002312974911753982 151
1743604338248 0.0023169219004554632 152
1743604472572 0.002321871803076889 153
1743604607039 0.0023107465369636665 154
1743604741677 0.002332810232996445 155
1743604876197 0.002319210896230973 156
1743605010658 0.002323953729635023 157
1743605145034 0.002317216166583805 158
1743605276280 0.002317357662169755 159
1743605406816 0.0023159657742815084 160
1743605541663 0.0023156359066759382 161
1743605675160 0.002317799041585935 162
1743605805914 0.0023088426689654848 163
1743605938108 0.0023169854440564866 164
1743606072731 0.002304983007046353 165
1743606206989 0.0023161743440536452 166
1743606341222 0.0023107919805306428 167
1743606475482 0.002313391779118826 168
1743606605094 0.0022965260549332625 169
1743606732132 0.0023176255750089834 170
1743606859333 0.002316244587855945 171
1743606986325 0.002323866697458873 172
1743607117682 0.0023024259204446175 173
1743607249259 0.0023279601335770166 174
1743607380589 0.002288546586277097 175
1743607512115 0.00229910069415199 176
1743607643614 0.0023190657147035107 177
1743607775094 0.0023092718247728727 178
1743607906524 0.002313222460678718 179
1743608034854 0.002303814401910453 180
1743608162463 0.002304064791491369 181
1743608290101 0.002311894052882961 182
1743608418224 0.0023238090486322805 183
1743608549699 0.0023201930212491434 184
1743608682410 0.0023074978567013964 185
1743608816709 0.002305027064231213 186
1743608947537 0.0023156516625009306 187
1743609075232 0.0023132833703576007 188
1743609203056 0.0023011993296728215 189
1743609330831 0.0023269611003037195 190
1743609458536 0.0023265095375031362 191
1743609586291 0.0023140932835765743 192
1743609713563 0.0023176665264940223 193
1743609844559 0.002324844440999857 194
1743609976164 0.0023159366069425177 195
1743610107817 0.002310965313158616 196
1743610239447 0.0023087277605186906 197
1743610370993 0.002301976545069582 198
1743610502803 0.0023163872835798853 199
