1743339379165 -0.23981395380859014 0
1743339452518 0.004757737683337834 1
1743339524902 0.00700159676332267 2
1743339596834 0.007202676794312603 3
1743339669657 0.0015270667036893298 4
1743339741708 0.009037849143663793 5
1743339813772 0.006290008418943932 6
1743339885997 0.005200780313051027 7
1743339957916 0.009492044391624795 8
1743340032250 0.010222584419478464 9
1743340106339 0.002844860818498977 10
1743340180498 0.009777834123836798 11
1743340254698 0.008896088665503198 12
1743340329667 0.009223550680610168 13
1743340403801 0.007003258981435904 14
1743340477899 0.006229509385325897 15
1743340552093 0.0017388931499032426 16
1743340627176 0.009514272899197986 17
1743340701073 0.012143660621390202 18
1743340775214 0.011682674877497459 19
1743340849586 0.010210220937775927 20
1743340925086 -0.0001346051037291706 21
1743340999211 0.009262057864000356 22
1743341073413 0.0004120404400853301 23
1743341147486 0.006953615440521015 24
1743341222767 -0.0014590298656325048 25
1743341296437 0.0006471886079482441 26
1743341370868 0.013242184241121736 27
1743341445012 0.010306371706254333 28
1743341520160 0.0062752760614950024 29
1743341594234 -0.003171305135433559 30
1743341668289 -0.003659863889665072 31
1743341742775 0.008058514648363721 32
1743341816942 0.015495536191237568 33
1743341891951 0.004880004371433922 34
1743341965977 0.006410369060271883 35
1743342040043 0.010211287107862753 36
1743342114396 0.009238178283058101 37
1743342189570 0.012306359687409453 38
1743342261620 0.009107543497866088 39
1743342334688 0.004095161972903033 40
1743342408482 0.006671105788400588 41
1743342481532 0.0037919706327878815 42
1743342556178 0.012652513275731438 43
1743342629510 0.002915849444650362 44
1743342702865 0.010713629843309749 45
1743342776297 0.007227239765951966 46
1743342850488 0.010567070124914582 47
1743342923938 0.013342548883698782 48
1743342997374 -0.006210673152687998 49
1743343070603 0.006055151526768387 50
1743343143879 -5.7488481104901614e-05 51
1743343218455 0.011486792599421024 52
1743343291542 0.011743420753224971 53
1743343364932 0.015197543966461594 54
1743343438006 0.0088315710167028 55
1743343511442 0.002364769977929283 56
1743343585820 0.0018075468542335432 57
1743343659344 0.012187624985684584 58
1743343732586 0.007904478199113643 59
1743343805922 0.011556558163055019 60
1743343879120 0.007523424429331922 61
1743343953794 0.012171924196922791 62
1743344027586 0.017277991690661573 63
1743344101098 0.0236112344400549 64
1743344174603 0.02783574104734918 65
1743344247792 0.0347397986368097 66
1743344322662 0.04580933797823269 67
1743344397203 0.08323009206101893 68
1743344473122 0.09588342684024498 69
1743344548346 0.10601218115767197 70
1743344625990 0.11758173136746017 71
1743344700874 0.10335288730511866 72
1743344775566 0.1394984987293711 73
1743344850213 0.10949624208781979 74
1743344926058 0.12707129703006065 75
1743345000676 0.15580935642321977 76
1743345075635 0.1520052607149401 77
1743345149056 0.1911755279644241 78
1743345223102 0.1682776299745224 79
1743345295724 0.09642826385041194 80
1743345368125 0.1566153546254021 81
1743345440721 0.16957824193118315 82
1743345513297 0.15272164692282508 83
1743345585780 0.18198941028672821 84
1743345660022 0.1882044453598629 85
1743345733014 0.17960855690528796 86
1743345805403 0.15868840782688404 87
1743345878905 0.1748070156822383 88
1743345951398 0.1679949787434847 89
1743346023815 0.17890322394074834 90
1743346096617 0.20589438374961747 91
1743346169248 0.21044320696558894 92
1743346242717 0.18695248142952073 93
1743346315387 0.21611462263069217 94
1743346388094 0.20528543290993995 95
1743346460491 0.21930932635816922 96
1743346532751 0.20184786519945225 97
1743346606784 0.22333434740138164 98
1743346679461 0.20126453639723518 99
