1743339379165 -0.25661418095167926 0
1743339452518 0.014111146836941962 1
1743339524902 0.011262250865602744 2
1743339596834 0.01643179741582336 3
1743339669657 0.0034114757670899226 4
1743339741708 0.015480115234921944 5
1743339813772 0.012128856706475673 6
1743339885997 0.008855205546485037 7
1743339957916 0.016482778393526902 8
1743340032250 0.020235707435459292 9
1743340106339 0.006499229990482109 10
1743340180498 0.021362647446473995 11
1743340254698 0.012981738109359913 12
1743340329667 0.016923720306003514 13
1743340403801 0.011137561550297995 14
1743340477899 0.0124850088549356 15
1743340552093 0.0027292154051955695 16
1743340627176 0.014240182628673347 17
1743340701073 0.019937827755983795 18
1743340775214 0.01921607649836615 19
1743340849586 0.019656273709853588 20
1743340925086 -0.0002914837792216604 21
1743340999211 0.015255951741662326 22
1743341073413 0.0003058882366087549 23
1743341147486 0.012922470530021374 24
1743341222767 -0.0029720545041222253 25
1743341296437 0.001066036950209448 26
1743341370868 0.024711062874585913 27
1743341445012 0.02089344133012839 28
1743341520160 0.012832400652577276 29
1743341594234 -0.005121763846932738 30
1743341668289 -0.0045242259491485755 31
1743341742775 0.015405971536599642 32
1743341816942 0.030283143026952886 33
1743341891951 0.009465580381808279 34
1743341965977 0.013705670506816968 35
1743342040043 0.01932634619649934 36
1743342114396 0.014226363134661467 37
1743342189570 0.019879752457547077 38
1743342261620 0.018838325217312248 39
1743342334688 0.008527772574345439 40
1743342408482 0.012230256354636707 41
1743342481532 0.008775686252857993 42
1743342556178 0.020331575403533073 43
1743342629510 0.006772327295746125 44
1743342702865 0.018187374953024846 45
1743342776297 0.012945585909700005 46
1743342850488 0.022593059743319058 47
1743342923938 0.023394288219625064 48
1743342997374 -0.007521977396694379 49
1743343070603 0.013050329284402468 50
1743343143879 0.0003115952354802774 51
1743343218455 0.024477654128767005 52
1743343291542 0.021759866105123635 53
1743343364932 0.02881519891167489 54
1743343438006 0.019811364915924504 55
1743343511442 0.0046205295037921095 56
1743343585820 0.0032102995933069698 57
1743343659344 0.02344495125639666 58
1743343732586 0.013683695975329336 59
1743343805922 0.0134266874743046 60
1743343879120 0.01568330463295201 61
1743343953794 0.019228384585853513 62
1743344027586 0.027336496923644177 63
1743344101098 0.03151379356460383 64
1743344174603 0.032311632099314314 65
1743344247792 0.03483310036399715 66
1743344322662 0.06474171084634035 67
1743344397203 0.13174343403407812 68
1743344473122 0.15504265708141776 69
1743344548346 0.1812384853024133 70
1743344625990 0.21353978187968253 71
1743344700874 0.1910885696417484 72
1743344775566 0.20602298381210132 73
1743344850213 0.1868105405066831 74
1743344926058 0.26634041114293605 75
1743345000676 0.27737201111264703 76
1743345075635 0.26868662565390783 77
1743345149056 0.3428058095520024 78
1743345223102 0.32612223118647965 79
1743345295724 0.21278954855606164 80
1743345368125 0.28822152305583904 81
1743345440721 0.3334989421636667 82
1743345513297 0.27098015374086215 83
1743345585780 0.33353769373354003 84
1743345660022 0.3339141055945955 85
1743345733014 0.31711538839349945 86
1743345805403 0.35414714107375034 87
1743345878905 0.3242308425559062 88
1743345951398 0.3182432119237733 89
1743346023815 0.312605027682484 90
1743346096617 0.3449835398746039 91
1743346169248 0.3945406546493551 92
1743346242717 0.33345751725472206 93
1743346315387 0.3910562153875709 94
1743346388094 0.365812367836674 95
1743346460491 0.39093715669718776 96
1743346532751 0.4098314222978763 97
1743346606784 0.3972423437467229 98
1743346679461 0.36026688973257226 99
