1743339379165 0.002418754333337131 0
1743339452518 0.0018276939291907539 1
1743339524902 0.0018550285874537056 2
1743339596834 0.001857940713676357 3
1743339669657 0.0018492641875445452 4
1743339741708 0.001845049572916428 5
1743339813772 0.0018512898102773913 6
1743339885997 0.0018275633796852513 7
1743339957916 0.0018422165476485852 8
1743340032250 0.001844565201122509 9
1743340106339 0.001847316282215183 10
1743340180498 0.001865300803544599 11
1743340254698 0.0018215138559600898 12
1743340329667 0.0018483508934699962 13
1743340403801 0.0018523878399999095 14
1743340477899 0.0018505958717729947 15
1743340552093 0.0018261782503426335 16
1743340627176 0.0018415852896364446 17
1743340701073 0.0018396378552599751 18
1743340775214 0.0018300901574548334 19
1743340849586 0.0018482133821450773 20
1743340925086 0.0018358270231051488 21
1743340999211 0.0018396087597739733 22
1743341073413 0.0018462025734654569 23
1743341147486 0.0018386941592834264 24
1743341222767 0.001830354261283691 25
1743341296437 0.0018226078998824986 26
1743341370868 0.0018377307427141789 27
1743341445012 0.0018411467773383938 28
1743341520160 0.001858988397232081 29
1743341594234 0.0018367287869747546 30
1743341668289 0.0018574413243059224 31
1743341742775 0.0018210927646450854 32
1743341816942 0.0018561747795381174 33
1743341891951 0.0018567321203336433 34
1743341965977 0.00184959373042033 35
1743342040043 0.0018335896856770232 36
1743342114396 0.0018398125285129681 37
1743342189570 0.0018601688496130224 38
1743342261620 0.0018409939346040463 39
1743342334688 0.001844017126945896 40
1743342408482 0.0018209040008641624 41
1743342481532 0.0018385698565182608 42
1743342556178 0.0018390681960138043 43
1743342629510 0.0018426932661527104 44
1743342702865 0.0018469272975132546 45
1743342776297 0.0018284361505428316 46
1743342850488 0.0018353527004771925 47
1743342923938 0.0018373576106448248 48
1743342997374 0.0018174849231597167 49
1743343070603 0.0018331457266886882 50
1743343143879 0.001860879228932301 51
1743343218455 0.001827270801625234 52
1743343291542 0.0018244342751462352 53
1743343364932 0.0018565611328874305 54
1743343438006 0.0018250596574409964 55
1743343511442 0.0018513420325218719 56
1743343585820 0.0018270410417409782 57
1743343659344 0.0018499107368720265 58
1743343732586 0.0018513365632405023 59
1743343805922 0.0018469022183558558 60
1743343879120 0.001828288698733387 61
1743343953794 0.0018385163031297027 62
1743344027586 0.001848004222277656 63
1743344101098 0.0018718434681699097 64
1743344174603 0.0018466437877387044 65
1743344247792 0.0018416358946848634 66
1743344322662 0.0018235451997326152 67
1743344397203 0.0018405768425216885 68
1743344473122 0.0018478268492882225 69
1743344548346 0.0018565606967370202 70
1743344625990 0.0018418811764763473 71
1743344700874 0.0018343553687869148 72
1743344775566 0.001827882396641767 73
1743344850213 0.0018444495048484655 74
1743344926058 0.0018254095532563416 75
1743345000676 0.0018237446018794252 76
1743345075635 0.0018125776988307627 77
1743345149056 0.0018198116278679637 78
1743345223102 0.0018049152264732972 79
1743345295724 0.0018379321088607364 80
1743345368125 0.0018297687819686724 81
1743345440721 0.0018099770806746076 82
1743345513297 0.0018214559649814156 83
1743345585780 0.0018312579804015431 84
1743345660022 0.0018265455239940877 85
1743345733014 0.0018152256003317222 86
1743345805403 0.0018333589647557926 87
1743345878905 0.0018341241590027417 88
1743345951398 0.0018269846556135095 89
1743346023815 0.0018077851234450024 90
1743346096617 0.0018088836591264193 91
1743346169248 0.0018352533872174163 92
1743346242717 0.0018096865125088399 93
1743346315387 0.0018356519071890001 94
1743346388094 0.0018314187009118733 95
1743346460491 0.0018075594582458163 96
1743346532751 0.0018162038077525404 97
1743346606784 0.0018195596700037629 98
1743346679461 0.0018083540766688805 99
