1743022315046 -0.23126497802652013 0
1743022387926 0.006221552821451605 1
1743022461786 0.005014391468741008 2
1743022534325 0.005901429312346351 3
1743022606814 0.007845494701220737 4
1743022679544 0.007763836572068792 5
1743022751518 0.005172052429684785 6
1743022823948 0.005368739119167722 7
1743022896521 0.0023541452524358008 8
1743022969400 0.010766977481780715 9
1743023041750 0.003565821552783341 10
1743023114158 0.009010875645390892 11
1743023187432 0.009065990648288419 12
1743023259685 0.0131687269173022 13
1743023333222 0.008819677904547166 14
1743023409248 0.004328441427988018 15
