1743022315046 -0.2310349659121247 0
1743022387926 0.016238862506004748 1
1743022461786 0.010014048463133527 2
1743022534325 0.012501411275524217 3
1743022606814 0.015064801485048743 4
1743022679544 0.013577336905373728 5
1743022751518 0.00866015807991298 6
1743022823948 0.009179482901697162 7
1743022896521 0.004189913981961945 8
1743022969400 0.02160148527500882 9
1743023041750 0.007517739657826211 10
1743023114158 0.019040171586448138 11
1743023187432 0.014302972084089465 12
1743023259685 0.026561478784445938 13
1743023333222 0.013352898870473463 14
1743023409248 0.009518899274759619 15
