1743022315046 0.002999692760046467 0
1743022387926 0.0023930111331734935 1
1743022461786 0.002383778866142738 2
1743022534325 0.002393142467566564 3
1743022606814 0.002391152571108505 4
1743022679544 0.0023922851969409814 5
1743022751518 0.0024454221809185207 6
1743022823948 0.00239574155095359 7
1743022896521 0.002426411235262151 8
1743022969400 0.0023808996860667335 9
1743023041750 0.0024329297467610323 10
1743023114158 0.0023982481102107446 11
1743023187432 0.0024138208901203543 12
1743023259685 0.0024204264074186243 13
1743023333222 0.0024067918310866697 14
1743023409248 0.002427719699111409 15
