1743029977890 -2.434410990657627 0
1743030051345 -1.343757509310471 1
1743030123154 -0.9189458238049376 2
1743030195150 -0.6342416061905806 3
1743030267147 -0.4411121161834422 4
1743030339418 -0.28979861715696564 5
1743030411359 -0.18510065031304637 6
1743030483391 -0.09819251302822367 7
1743030557030 -0.03369247439279985 8
1743030629326 -0.009505708326926423 9
1743030701421 0.0003147753964925226 10
1743030774709 0.0009659463458479698 11
1743030846831 0.002819747508163058 12
1743030919132 0.004774821595513477 13
1743030991929 0.00974406730209087 14
1743031065900 0.004853082076094071 15
1743031138440 0.0050083887007856594 16
1743031210776 0.012002571437966004 17
1743031282953 0.0171134783536167 18
1743031355025 0.019458478162603095 19
1743031426925 0.015376879117557559 20
1743031499273 0.0174814864993975 21
1743031572600 0.020065790631935383 22
1743031646580 0.020458794367125114 23
1743031719818 0.021011809602366982 24
1743031792880 0.011457706414050108 25
1743031865901 0.02550875047063209 26
1743031938611 0.025832992116943093 27
1743032011531 0.025038969240323727 28
1743032085604 0.032010518744165106 29
1743032158828 0.02757531554210865 30
1743032234786 0.03328602254246117 31
1743032307877 0.03752626111372973 32
1743032383531 0.032638063029074925 33
1743032458676 0.040161780768535035 34
1743032534229 0.020309778562651676 35
1743032607819 0.030757647151869804 36
1743032682357 0.050210759472587026 37
1743032758190 0.05638017775803051 38
1743032832026 0.050307284250892856 39
1743032908471 0.04975370081777141 40
1743032982969 0.037794629831648864 41
1743033057597 0.05026015808297742 42
1743033132194 0.06714486099886756 43
1743033206721 0.07516549506195828 44
1743033279640 0.07322849972305524 45
1743033352994 0.06870010014078445 46
1743033424525 0.06964210459860148 47
1743033496413 0.08702216223391913 48
1743033570016 0.09101064166749287 49
1743033642227 0.08977766036142348 50
1743033714347 0.07891522952077162 51
1743033787339 0.11022207191895306 52
1743033859174 0.11405171783900833 53
1743033931756 0.10562441331524758 54
1743034003847 0.10496462160589656 55
1743034075770 0.1104094423822637 56
1743034149801 0.09702719214650728 57
1743034223504 0.11356723932576239 58
1743034296944 0.10860408692076441 59
1743034370989 0.12561901517199742 60
1743034444581 0.11865686574885606 61
1743034519861 0.12132845053321434 62
1743034593446 0.12341389901699147 63
1743034667383 0.14339776697562434 64
1743034741219 0.13159966477057458 65
1743034814923 0.1287913798635179 66
1743034889371 0.13588060475161337 67
1743034962942 0.15638728520728343 68
1743035036646 0.15030274195091964 69
1743035112045 0.12769272196938083 70
1743035185422 0.1564051570746138 71
1743035255545 0.14700554174025457 72
1743035328333 0.1728594434186481 73
1743035402005 0.1444801679644079 74
1743035474082 0.14978144744672714 75
1743035545647 0.15622629082860645 76
1743035617938 0.16730403609006178 77
1743035689993 0.1643030615562966 78
1743035763980 0.15254716178253588 79
1743035837917 0.13898510969121286 80
1743035912081 0.1894651421608612 81
1743035983322 0.16735797210824868 82
1743036055405 0.1821472927973831 83
1743036129510 0.17982885585669997 84
1743036202446 0.16392788209431708 85
1743036276432 0.18277387776090412 86
1743036349789 0.17508454228206827 87
1743036419964 0.15913754508716157 88
1743036493301 0.2004284483769404 89
1743036568635 0.1900977154475687 90
