1743029977890 -1.8735760602931004 0
1743030051345 -0.9916666572890334 1
1743030123154 -0.7084848082261707 2
1743030195150 -0.3846392977076219 3
1743030267147 -0.294677632618722 4
1743030339418 -0.19514693724992455 5
1743030411359 -0.10240298399694801 6
1743030483391 -0.05174891229026877 7
1743030557030 -0.001379406548784224 8
1743030629326 0.0160788415701981 9
1743030701421 0.02162544526967859 10
1743030774709 0.017732636203607377 11
1743030846831 0.01823929692328789 12
1743030919132 0.020848062127523007 13
1743030991929 0.028433162439592582 14
1743031065900 0.02534262743912146 15
1743031138440 0.02944401783524183 16
1743031210776 0.030308200504081024 17
1743031282953 0.034749400520153205 18
1743031355025 0.04251017101689317 19
1743031426925 0.03911990101335052 20
1743031499273 0.040800683431855604 21
1743031572600 0.04564171301920229 22
1743031646580 0.05123417950377481 23
1743031719818 0.05233181341721736 24
1743031792880 0.05007236773531497 25
1743031865901 0.05737738176717174 26
1743031938611 0.05329123738572069 27
1743032011531 0.051184059058589915 28
1743032085604 0.07202963134985836 29
1743032158828 0.06520181224148375 30
1743032234786 0.07048872810246495 31
1743032307877 0.0795199050224278 32
1743032383531 0.0796802880787897 33
1743032458676 0.09107015092604114 34
1743032534229 0.05777701990354945 35
1743032607819 0.07013671714909547 36
1743032682357 0.0943901654049488 37
1743032758190 0.10213002147525792 38
1743032832026 0.09966230961475388 39
1743032908471 0.09382807793603733 40
1743032982969 0.07902369812674671 41
1743033057597 0.10062228798013027 42
1743033132194 0.1075533583036304 43
1743033206721 0.1315995966422523 44
1743033279640 0.12607507979660862 45
1743033352994 0.11718969192175506 46
1743033424525 0.11304358899057491 47
1743033496413 0.1410310933067081 48
1743033570016 0.14513575940115786 49
1743033642227 0.17879556353702925 50
1743033714347 0.1272288416165268 51
1743033787339 0.2078703030422197 52
1743033859174 0.213626305917231 53
1743033931756 0.1961536509768501 54
1743034003847 0.2036662237580397 55
1743034075770 0.2045543280381605 56
1743034149801 0.20163026608601836 57
1743034223504 0.21753944133648748 58
1743034296944 0.22573349762305214 59
1743034370989 0.22477026093893843 60
1743034444581 0.23917581368077764 61
1743034519861 0.23094643578229299 62
1743034593446 0.22617868668203994 63
1743034667383 0.2350476076491393 64
1743034741219 0.23201271838071552 65
1743034814923 0.2309222154582284 66
1743034889371 0.2528827157008199 67
1743034962942 0.2620105193829278 68
1743035036646 0.25708312223377877 69
1743035112045 0.2733531150745125 70
1743035185422 0.27350996959146845 71
1743035255545 0.28036377233831566 72
1743035328333 0.26691786596197004 73
1743035402005 0.27020330429298134 74
1743035474082 0.2581940334179206 75
1743035545647 0.2785243681287056 76
1743035617938 0.2758001969972425 77
1743035689993 0.2800891338510954 78
1743035763980 0.2887099961163979 79
1743035837917 0.2802395762803172 80
1743035912081 0.30586722584290577 81
1743035983322 0.30093256285112696 82
1743036055405 0.31551965038144364 83
1743036129510 0.3112567266662546 84
1743036202446 0.28517092978913455 85
1743036276432 0.30973229420543696 86
1743036349789 0.3026560847714531 87
1743036419964 0.30264643570620503 88
1743036493301 0.3175065258763421 89
1743036568635 0.30260260808655903 90
