1743029977890 0.004938780667563132 0
1743030051345 0.002627375665107755 1
1743030123154 0.0025146487746973865 2
1743030195150 0.0024778073306775074 3
1743030267147 0.002447115739325543 4
1743030339418 0.002427946686194363 5
1743030411359 0.0024668023489265853 6
1743030483391 0.0024073212395317955 7
1743030557030 0.0024322390049969504 8
1743030629326 0.002383671135566738 9
1743030701421 0.002434496843122545 10
1743030774709 0.0023991452274401185 11
1743030846831 0.002414402188049382 12
1743030919132 0.0024207101811628815 13
1743030991929 0.0024068838985102786 14
1743031065900 0.0024276567058038566 15
1743031138440 0.0024294010387941986 16
1743031210776 0.0024043233709823393 17
1743031282953 0.0023977916986499164 18
1743031355025 0.002416287909076269 19
1743031426925 0.002406069946595813 20
1743031499273 0.002384061511553876 21
1743031572600 0.002397375867597863 22
1743031646580 0.0024084224548008475 23
1743031719818 0.0024089144886360616 24
1743031792880 0.0024086164247075267 25
1743031865901 0.002398932707606704 26
1743031938611 0.002380931204090455 27
1743032011531 0.002394168777716952 28
1743032085604 0.00239604079307845 29
1743032158828 0.0023949757915224645 30
1743032234786 0.002416676254715067 31
1743032307877 0.002398309275472107 32
1743032383531 0.002402326981927809 33
1743032458676 0.002423407449273041 34
1743032534229 0.002396107230000068 35
1743032607819 0.0023824739470586207 36
1743032682357 0.0024083659099252124 37
1743032758190 0.0023986823230792956 38
1743032832026 0.0024056530796102136 39
1743032908471 0.0024090479954367284 40
1743032982969 0.0023854635045310103 41
1743033057597 0.002413970381131402 42
1743033132194 0.002369358523022644 43
1743033206721 0.002378911483329493 44
1743033279640 0.0023906026764160633 45
1743033352994 0.002413040620496275 46
1743033424525 0.002362366560993104 47
1743033496413 0.002413881272631144 48
1743033570016 0.002377481053671246 49
1743033642227 0.002377809985163068 50
1743033714347 0.0024088868546508044 51
1743033787339 0.002382891778134044 52
1743033859174 0.002379213294121795 53
1743033931756 0.0023755250096490436 54
1743034003847 0.0023825969797366957 55
1743034075770 0.0023882268424067726 56
1743034149801 0.0023983589396323565 57
1743034223504 0.0023650077134582466 58
1743034296944 0.0023815175343363487 59
1743034370989 0.002371187058075533 60
1743034444581 0.0023847618917739216 61
1743034519861 0.0023862595052842597 62
1743034593446 0.002406541074925734 63
1743034667383 0.0023574837893768625 64
1743034741219 0.002371215976699796 65
1743034814923 0.0023809322025757154 66
1743034889371 0.0023919765318913214 67
1743034962942 0.002374664175737701 68
1743035036646 0.0023661041184543418 69
1743035112045 0.002392784981350121 70
1743035185422 0.0023855378108841555 71
1743035255545 0.002414342336734379 72
1743035328333 0.002388992191331422 73
1743035402005 0.0023651846454127113 74
1743035474082 0.0023560050038060735 75
1743035545647 0.0023880865615369244 76
1743035617938 0.00234401373638791 77
1743035689993 0.0023441716847075085 78
1743035763980 0.0023810038566133463 79
1743035837917 0.0023633645854766604 80
1743035912081 0.0023808483816105284 81
1743035983322 0.0023725110031273607 82
1743036055405 0.0023581842931355446 83
1743036129510 0.0023728236287402418 84
1743036202446 0.002341180583918011 85
1743036276432 0.002395434956753405 86
1743036349789 0.0023592457010808005 87
1743036419964 0.0023447252098483954 88
1743036493301 0.002345697105910232 89
1743036568635 0.002360262004601593 90
