1743273905424 0.012496064544311241 0
1743273979315 0.009186364314634436 1
1743274051727 0.007820509811887056 2
1743274124836 0.009919476848380264 3
1743274197141 0.013920825808229878 4
1743274269460 0.008231624220053605 5
1743274343310 0.0030849727563140522 6
1743274415529 0.0050537772611425604 7
1743274487813 -0.0015257134505108534 8
1743274560131 0.005116129640925369 9
1743274632339 -0.0012333567108264965 10
1743274705232 0.003706722632706602 11
1743274777609 0.0057079769811665395 12
1743274849985 -0.007834053990643946 13
1743274922489 -0.014400247080420816 14
1743274994649 0.008292069267665878 15
1743275066788 0.014446720106850977 16
1743275139330 0.01982375801904544 17
1743275211716 0.02205129931451962 18
1743275288616 0.021856404898845293 19
1743275362654 0.00844616724442382 20
1743275435270 0.01328874051897032 21
1743275509169 0.006564857730660305 22
1743275584862 0.016202678648280698 23
1743275658853 0.01995841208340543 24
1743275734282 -0.0072361659370576035 25
1743275809549 0.017265271500708765 26
1743275884951 0.01830039029960721 27
1743275955728 -0.017149538814953517 28
1743276032637 -0.013182392956648614 29
1743276103730 -0.00636836790738993 30
1743276178871 0.01741618449999435 31
1743276255839 0.002710018767684157 32
1743276329988 0.01833219410215573 33
1743276404020 0.018391729988661384 34
1743276478230 0.009714197926564703 35
1743276552378 0.010850568893886766 36
1743276626307 0.014812928472557278 37
1743276700389 0.02176584246559023 38
1743276774420 -0.007047838955504011 39
1743276851319 0.002597953088440184 40
1743276924167 0.005493300065537942 41
1743276997973 0.004860178427366528 42
1743277070728 0.02003420990118319 43
1743277147324 0.01560298949561335 44
1743277221371 0.0021403028266758634 45
1743277296448 0.006728136563518407 46
1743277370380 0.005303736491754455 47
1743277444588 -0.005773013600567502 48
1743277519413 0.008978069913022482 49
1743277591234 0.010932480002065077 50
1743277665748 0.017427237292914333 51
1743277741045 0.014651576684059043 52
1743277813672 0.015110237227203217 53
1743277887979 0.017850619305189788 54
1743277960559 -0.005632747418991347 55
1743278033607 -0.12068097844316222 56
1743278105878 0.018279968593172102 57
1743278180964 -0.008068738692336775 58
1743278253279 0.011213297990739973 59
1743278325832 0.01565264039026068 60
1743278398351 0.014120511569397462 61
1743278470443 0.002447133472585001 62
1743278539838 0.00464875851109067 63
1743278616373 -0.0015827535837199466 64
1743278688733 0.021315810485968697 65
1743278762857 0.011851333478253599 66
1743278837952 0.015342517218998469 67
1743278912199 0.02057411071025513 68
1743278986120 0.021233062225884107 69
1743279060305 0.012262172618227696 70
1743279131705 0.01303528574880471 71
1743279209197 0.012935691791004879 72
1743279283263 -0.02674469994765656 73
1743279360309 -0.0187657379337171 74
1743279434395 0.019177569108960655 75
1743279508575 0.0115381724987832 76
1743279582782 -0.011152711161125173 77
1743279657142 0.0009621796350929046 78
1743279731490 0.019985412143758357 79
1743279805487 -0.0016950270545877525 80
1743279879554 0.022534039139255585 81
1743279956787 0.014009445977315804 82
1743280030998 0.0038165204287639604 83
1743280105004 0.014565601179464548 84
1743280179223 0.01313108730278817 85
1743280253249 0.016827715438501503 86
1743280327442 0.018946165497526715 87
1743280401548 0.016706437669868 88
1743280476321 0.014193942032095636 89
1743280552647 0.016193014862789217 90
1743280626676 0.00880219272095218 91
1743280700749 0.011936108822954527 92
1743280774926 0.010527967934724049 93
1743280849330 0.007071273426434678 94
1743280921262 -0.025994902262850977 95
1743280992857 0.007693005904145473 96
1743281064815 -0.02167442677343486 97
1743281137117 0.019757822159907568 98
1743281209026 -0.020658784634012006 99
