1743273905424 0.02379664306052234 0
1743273979315 0.017196565328847543 1
1743274051727 0.013506635918605675 2
1743274124836 0.022531444308662493 3
1743274197141 0.029567504890338624 4
1743274269460 0.01496318458131179 5
1743274343310 0.004949165796108233 6
1743274415529 0.009217415401604999 7
1743274487813 -0.002785905546078126 8
1743274560131 0.010212625078501594 9
1743274632339 -0.001859447408719514 10
1743274705232 0.008629332628601364 11
1743274777609 0.012848754986055413 12
1743274849985 0.018021565826963938 13
1743274922489 -0.017897478386213896 14
1743274994649 0.015957310970574866 15
1743275066788 0.034010255583590804 16
1743275139330 0.035576154463604494 17
1743275211716 0.0419870601372109 18
1743275288616 0.053824228203284356 19
1743275362654 0.01616931279074553 20
1743275435270 0.024874578246993517 21
1743275509169 0.01225377943753038 22
1743275584862 0.030550595240459517 23
1743275658853 0.04022685821440426 24
1743275734282 -0.011734160612668042 25
1743275809549 0.049161701273424285 26
1743275884951 0.04180742821987162 27
1743275955728 -0.024702997361043717 28
1743276032637 -0.018838277110669373 29
1743276103730 -0.01013513218011595 30
1743276178871 0.04350023725762882 31
1743276255839 0.04653144135578841 32
1743276329988 0.04700718586084433 33
1743276404020 0.04819698573789419 34
1743276478230 0.022336996380941266 35
1743276552378 0.021200382279562117 36
1743276626307 0.05480412873732734 37
1743276700389 0.04457415480881381 38
1743276774420 -0.01092623106732966 39
1743276851319 0.005484467217897517 40
1743276924167 0.010969351973547044 41
1743276997973 0.010757692682682493 42
1743277070728 0.03502363425828677 43
1743277147324 0.0475356002894723 44
1743277221371 0.0029464170830632744 45
1743277296448 0.012497447007742173 46
1743277370380 0.055534531562539055 47
1743277444588 -0.007378842064198544 48
1743277519413 0.015475350342209246 49
1743277591234 0.03678711128522731 50
1743277665748 0.03148668942186112 51
1743277741045 0.04775319870251179 52
1743277813672 0.028624390029724153 53
1743277887979 0.03777576766317288 54
1743277960559 -0.0073913102041223925 55
1743278033607 -0.16204503100018702 56
1743278105878 0.03177677076166352 57
1743278180964 -0.010348606862274465 58
1743278253279 0.02136314286343069 59
1743278325832 0.030134575510911307 60
1743278398351 0.045519107847012207 61
1743278470443 0.0036825390637004276 62
1743278539838 0.008012372187578857 63
1743278616373 -0.002120827087405927 64
1743278688733 0.04027008578078275 65
1743278762857 0.023935339143617108 66
1743278837952 0.05166060742586709 67
1743278912199 0.044874832136440855 68
1743278986120 0.04729728638914746 69
1743279060305 0.027485978870993764 70
1743279131705 0.029344782348815462 71
1743279209197 0.03239088090513726 72
1743279283263 -0.036129282512463716 73
1743279360309 -0.027592917237200427 74
1743279434395 0.04204913722416529 75
1743279508575 0.025888614446827725 76
1743279582782 -0.016043566807337116 77
1743279657142 0.001889521468951695 78
1743279731490 0.039312439119064214 79
1743279805487 -0.002572111228957151 80
1743279879554 0.04062377680146986 81
1743279956787 0.027297968401111306 82
1743280030998 0.006865311685123154 83
1743280105004 0.054465452336939175 84
1743280179223 0.028190290195021315 85
1743280253249 0.044127657359519935 86
1743280327442 0.04652956699632757 87
1743280401548 0.0440619134003643 88
1743280476321 0.03662059420550173 89
1743280552647 0.04926156741182627 90
1743280626676 0.016380349443558876 91
1743280700749 0.021754847262918493 92
1743280774926 0.016922071439729718 93
1743280849330 0.013977575135102005 94
1743280921262 -0.03796758135490679 95
1743280992857 0.013345112395607124 96
1743281064815 -0.03284614565548423 97
1743281137117 0.03502531080563448 98
1743281209026 -0.02752631779452793 99
