1743273905424 0.004196003189723991 0
1743273979315 0.002765859559445375 1
1743274051727 0.00275880427114418 2
1743274124836 0.002724940845843769 3
1743274197141 0.002755470031716086 4
1743274269460 0.0027532155643432187 5
1743274343310 0.0027396199191672974 6
1743274415529 0.0027431593300169007 7
1743274487813 0.002765231953862195 8
1743274560131 0.0027302982374354935 9
1743274632339 0.002773448019337326 10
1743274705232 0.0027495665220100877 11
1743274777609 0.0027364467000393394 12
1743274849985 0.002689364106537631 13
1743274922489 0.0026741161017672164 14
1743274994649 0.002743438788253319 15
1743275066788 0.002768805539528546 16
1743275139330 0.0027484739837529775 17
1743275211716 0.0027391459919850936 18
1743275288616 0.002749851894226264 19
1743275362654 0.0027335741141179277 20
1743275435270 0.0027422348775744594 21
1743275509169 0.002751325152104499 22
1743275584862 0.002758027709714443 23
1743275658853 0.0027542513155319787 24
1743275734282 0.00276170314372667 25
1743275809549 0.002722107102749283 26
1743275884951 0.0027130921660284218 27
1743275955728 0.0027526162159336094 28
1743276032637 0.002733901172788436 29
1743276103730 0.0027484509318910695 30
1743276178871 0.0027761478355590747 31
1743276255839 0.0027256868543572253 32
1743276329988 0.0027738019064479096 33
1743276404020 0.0027453745458880766 34
1743276478230 0.0027635582108897242 35
1743276552378 0.0027299869343169504 36
1743276626307 0.0027573158967771107 37
1743276700389 0.0027332931473668847 38
1743276774420 0.0027745987001278967 39
1743276851319 0.0027429895936283513 40
1743276924167 0.002753037079302529 41
1743276997973 0.0027219991275382886 42
1743277070728 0.0027483343814297782 43
1743277147324 0.002758958816554371 44
1743277221371 0.002720162131208145 45
1743277296448 0.0027576060391721557 46
1743277370380 0.0027617131354990645 47
1743277444588 0.002780517264858696 48
1743277519413 0.002756616612326458 49
1743277591234 0.00273214323711549 50
1743277665748 0.0027343939429709126 51
1743277741045 0.0027691931101506565 52
1743277813672 0.0027453841045629104 53
1743277887979 0.002743588290763433 54
1743277960559 0.0027634710695438242 55
1743278033607 0.0027460246269552075 56
1743278105878 0.002742455272131007 57
1743278180964 0.0027468035028517974 58
1743278253279 0.002738669320494848 59
1743278325832 0.0027454946429462178 60
1743278398351 0.0027322804757192003 61
1743278470443 0.0027404496107589116 62
1743278539838 0.002742916670419484 63
1743278616373 0.002717619251795243 64
1743278688733 0.0027714647797190332 65
1743278762857 0.0027544623451678644 66
1743278837952 0.002751691405697224 67
1743278912199 0.0027596666278167778 68
1743278986120 0.0027628297493402306 69
1743279060305 0.002769041655445146 70
1743279131705 0.002732628168801979 71
1743279209197 0.0027717220315292895 72
1743279283263 0.0027620612099844882 73
1743279360309 0.0027192953462758054 74
1743279434395 0.0027491516475174967 75
1743279508575 0.002766089959206854 76
1743279582782 0.0027233640145562536 77
1743279657142 0.0027340708196267383 78
1743279731490 0.002777866343479161 79
1743279805487 0.0027560403613679737 80
1743279879554 0.0027326484429780265 81
1743279956787 0.002769044436387379 82
1743280030998 0.0027438016238759133 83
1743280105004 0.002753349554715222 84
1743280179223 0.0027382260919516007 85
1743280253249 0.002745074152839012 86
1743280327442 0.00275076115406216 87
1743280401548 0.0027381261339300424 88
1743280476321 0.0027202524462962277 89
1743280552647 0.00276064765891972 90
1743280626676 0.0027922645379737073 91
1743280700749 0.0027563268106294003 92
1743280774926 0.002753668152922569 93
1743280849330 0.002758519752504682 94
1743280921262 0.0027332059185059703 95
1743280992857 0.002747429640217964 96
1743281064815 0.002738693036249728 97
1743281137117 0.0027467781751924617 98
1743281209026 0.0027509709780260765 99
