1742823189017 -0.13613044160446194 0
1742823381375 0.011519722164160504 1
1742823574890 0.009812816237360378 2
1742823769294 0.008605804003842251 3
1742823962382 0.011967442114483863 4
1742824156198 0.007455665455256069 5
1742824349742 0.00992561457986581 6
1742824543310 0.010331382371973457 7
1742824734949 0.01032968554233651 8
1742824924656 0.006285188474661965 9
1742825114144 0.009459238340128746 10
1742825302764 0.0063499991912146884 11
1742825492423 0.01229763795303996 12
1742825682468 0.020493892481565454 13
1742825872173 -0.0013233666422272897 14
1742826060773 0.020445293941874124 15
1742826250269 0.02914604993277455 16
1742826438619 0.04514427184456353 17
1742826627840 0.02495864747370564 18
1742826816885 0.05116278930121453 19
1742827005063 0.04991938636811814 20
1742827194451 0.07939749608260145 21
1742827383669 -0.03717248211977292 22
1742827572313 -0.04446972927364516 23
1742827760552 0.02361121694193856 24
1742827950078 0.09630255996210424 25
1742828140348 0.059810274208722196 26
1742828329577 0.10489605673810862 27
1742828517682 0.09021367828980627 28
1742828706965 0.09977257666068796 29
1742828896117 0.08932770500520672 30
1742829085087 0.0930731844211129 31
1742829272829 0.07699530448611339 32
1742829462503 0.11332202463121344 33
1742829651893 0.13823253586542175 34
1742829839969 0.018811368379681837 35
1742830028962 0.12054997175180283 36
1742830218697 0.12120917706672622 37
1742830407104 0.14409760698279353 38
1742830597129 0.0997477666476745 39
1742830788938 0.0975486924115811 40
1742830977940 0.11600270293340409 41
1742831168537 0.12162333539982938 42
1742831357256 0.14086785790061507 43
1742831547356 0.12228519869177844 44
1742831737489 0.14006733967101703 45
1742831929374 0.13764579366360197 46
1742832122986 0.1404469715874914 47
