1742823189017 -0.07895695154040745 0
1742823381375 0.023295436496870738 1
1742823574890 0.02043222176692108 2
1742823769294 0.015631823866944068 3
1742823962382 0.023818379558583767 4
1742824156198 0.017634759381817938 5
1742824349742 0.01786847554394315 6
1742824543310 0.021964090160302492 7
1742824734949 0.019116210259160497 8
1742824924656 0.013966350012094507 9
1742825114144 0.01970758637365936 10
1742825302764 0.010465386788929394 11
1742825492423 0.019233639445247665 12
1742825682468 0.021867404488131424 13
1742825872173 0.0105367292910973 14
1742826060773 0.004533911054006775 15
1742826250269 0.0492290610585838 16
1742826438619 0.07395284293000959 17
1742826627840 0.047366045699995266 18
1742826816885 0.09241168229046413 19
1742827005063 0.1093155334120677 20
1742827194451 0.15019748466285468 21
1742827383669 -0.029002697269181574 22
1742827572313 -0.10137883276903467 23
1742827760552 0.05810987819732072 24
1742827950078 0.12907557061661962 25
1742828140348 0.11869102697600328 26
1742828329577 0.1662740659022467 27
1742828517682 0.16057784496189953 28
1742828706965 0.15336260552932707 29
1742828896117 0.10588067932634886 30
1742829085087 0.1276288485888013 31
1742829272829 0.14350109278166637 32
1742829462503 0.1933977462646345 33
1742829651893 0.19963513002730837 34
1742829839969 0.014434768607259313 35
1742830028962 0.22251408016399032 36
1742830218697 0.18517621779291024 37
1742830407104 0.18476295678067656 38
1742830597129 0.1533824116501307 39
1742830788938 0.17767395880495285 40
1742830977940 0.17449491414334362 41
1742831168537 0.14396168852355412 42
1742831357256 0.20138105770236442 43
1742831547356 0.17852853756358855 44
1742831737489 0.21724470746408675 45
1742831929374 0.1924403380908833 46
1742832122986 0.20778738824031792 47
