1742823189017 0.010229793903124812 0
1742823381375 0.00955005916213239 1
1742823574890 0.009546260185005677 2
1742823769294 0.009529002807005407 3
1742823962382 0.009448538886031487 4
1742824156198 0.009489711911345903 5
1742824349742 0.009574672897587289 6
1742824543310 0.009510290375878135 7
1742824734949 0.009569738501474469 8
1742824924656 0.009545149385824904 9
1742825114144 0.009519456945997956 10
1742825302764 0.009543182372304422 11
1742825492423 0.009484975948812558 12
1742825682468 0.009536769413682339 13
1742825872173 0.009537049476382928 14
1742826060773 0.009465800656878447 15
1742826250269 0.009532926550421577 16
1742826438619 0.009435540874377936 17
1742826627840 0.009474849429346257 18
1742826816885 0.009435046559453687 19
1742827005063 0.009466971223522629 20
1742827194451 0.00950395437836699 21
1742827383669 0.009368972040361145 22
1742827572313 0.009457898743033826 23
1742827760552 0.009411053819959606 24
1742827950078 0.009392193774204258 25
1742828140348 0.00942319232182434 26
1742828329577 0.009432028389659586 27
1742828517682 0.009414271467814704 28
1742828706965 0.009417536186536292 29
1742828896117 0.009420219020774731 30
1742829085087 0.009378881908471247 31
1742829272829 0.0093511430517334 32
1742829462503 0.009354160924383497 33
1742829651893 0.009455576926547955 34
1742829839969 0.009370068938087124 35
1742830028962 0.009306687568607447 36
1742830218697 0.009372772530072949 37
1742830407104 0.009327495646487166 38
1742830597129 0.009404789871321274 39
1742830788938 0.00930979887310129 40
1742830977940 0.009354384819540632 41
1742831168537 0.009333386673702747 42
1742831357256 0.009325475469426988 43
1742831547356 0.009326806607805974 44
1742831737489 0.009326807477257469 45
1742831929374 0.00931779849440693 46
1742832122986 0.009303416810942801 47
