1743354927074 -2.6405313809785387 0
1743354999645 -1.3744615916336431 1
1743355074880 -0.9115962072962924 2
1743355147271 -0.6315205417973906 3
1743355220639 -0.463686145716241 4
1743355294127 -0.32000427429497963 5
1743355367731 -0.20005315587841907 6
1743355441707 -0.11353775501276236 7
1743355515894 -0.038051447505127144 8
1743355591952 -0.006609283400379645 9
1743355665777 0.00555630689941172 10
1743355739651 0.00498700306259536 11
1743355813383 0.008621535400069904 12
1743355887402 0.008027704059289919 13
1743355962298 0.014776807777146465 14
1743356040797 0.01013351423980646 15
1743356116449 0.009546868452944429 16
1743356189190 0.01471142608201518 17
1743356265795 0.019536061261256007 18
1743356337840 0.023039525231936014 19
1743356413596 0.016252363903126718 20
1743356491356 0.018879901316407516 21
1743356567833 0.022298107490260725 22
1743356641424 0.023964426497478663 23
1743356717780 0.02542403557400785 24
1743356796374 0.010812960531812962 25
1743356872745 0.027947737084879267 26
1743356947178 0.02666502242374872 27
1743357023037 0.02660669520106639 28
1743357100420 0.030020585645895503 29
1743357178138 0.021730720864495078 30
1743357254229 0.01511434002609439 31
1743357329627 0.03469394267065795 32
1743357402592 0.03840440970333425 33
1743357476981 0.031915396804320983 34
1743357549526 0.03869059347516637 35
1743357622330 0.04284503060320711 36
1743357695134 0.047146188005220004 37
1743357767281 0.04912239382047904 38
1743357841365 0.04627639035680358 39
1743357913343 0.04191263839223466 40
1743357985965 0.04148802680597029 41
1743358058518 0.016977634497435813 42
1743358131080 0.04279586257813897 43
1743358203672 0.028856793841890823 44
1743358277852 0.053842423822387644 45
1743358350371 0.054280890707651706 46
1743358422753 0.04125006582299046 47
1743358495418 0.03387963601677729 48
1743358568130 0.04377732607612146 49
1743358640290 0.041058710951498205 50
1743358712618 0.04258865406462089 51
1743358785000 0.04902093725467229 52
1743358859965 0.04342902774434927 53
1743358932530 0.04237005589561316 54
1743359004845 0.05706951777163381 55
1743359077158 0.04704599878150353 56
1743359149889 0.04630763389815243 57
1743359222329 0.06702209533684321 58
1743359294917 0.05647251404178898 59
1743359367705 0.05390646486668191 60
1743359440213 0.048642466845532535 61
1743359512658 0.0663483033683046 62
1743359587835 0.06317543350571454 63
1743359660724 0.07495427001388436 64
1743359733043 0.07683712183507135 65
1743359805541 0.0745266045724573 66
1743359877786 0.06700442321316287 67
1743359950473 0.07892010912883446 68
1743360022990 0.08099495161690498 69
1743360095431 0.07797391327491222 70
1743360167957 0.08018915291133276 71
1743360240596 0.08717015907333407 72
1743360313522 0.09764115941234983 73
1743360388270 0.09286325178762028 74
1743360464722 0.09385691066416968 75
1743360541029 0.09088107120425575 76
1743360617852 0.09992874319640153 77
1743360691166 0.11024375837410313 78
1743360765299 0.0961342330734005 79
1743360837437 0.10048403476504042 80
1743360910413 0.11250255385846285 81
1743360983116 0.10965222326486247 82
1743361056807 0.11773597205247793 83
1743361129621 0.11529037097699973 84
1743361202187 0.11999582608668306 85
1743361277067 0.1145308068120165 86
1743361350137 0.1268644866908087 87
1743361422660 0.12196129836181831 88
1743361495150 0.12643877053732894 89
1743361567762 0.12597113001682722 90
1743361640403 0.13071122805110802 91
1743361712945 0.13633241216117042 92
1743361785329 0.14197986566070833 93
1743361859073 0.14806772554296896 94
1743361931464 0.14714967365915088 95
1743362007572 0.15100976170133754 96
1743362078934 0.14240608109619446 97
1743362150019 0.15437233335404313 98
1743362222250 0.15219512077473762 99
1743362296824 0.1453759475485172 100
1743362369430 0.13794700670998197 101
1743362441829 0.16232016729390183 102
1743362514018 0.15893869377525285 103
1743362586526 0.16010554111232927 104
1743362658767 0.16848726321571159 105
1743362730831 0.18845528687676513 106
1743362803470 0.17606855234474833 107
1743362876005 0.16158592128461682 108
1743362950993 0.1340902247531765 109
1743363024322 0.18364084122337293 110
1743363096543 0.1479960952932122 111
1743363168917 0.1901912946772318 112
1743363241482 0.1448625255495171 113
1743363313889 0.17549247932684514 114
1743363386264 0.15640995460841547 115
1743363459027 0.1566799556950362 116
1743363533676 0.18018662256754478 117
1743363606438 0.1508170670553276 118
1743363680084 0.1687132579441106 119
1743363753994 0.1739464975841585 120
1743363827906 0.1724952166244238 121
1743363902192 0.15978747960497372 122
1743363976436 0.18802785919117213 123
1743364049705 0.18696371456462296 124
1743364127392 0.1752665728732615 125
1743364201221 0.2026631540276438 126
1743364274778 0.21421489625065301 127
1743364348023 0.19546520885980406 128
1743364421673 0.18210060135024295 129
1743364495055 0.17467685814558093 130
1743364568617 0.19476041800156535 131
1743364641833 0.20852961314115595 132
1743364715168 0.1800316217014551 133
1743364788503 0.18327590020216122 134
1743364865316 0.20200362149168766 135
1743364938993 0.20966328367284762 136
1743365012158 0.15309905094918302 137
1743365085346 0.19817697396914874 138
1743365158216 0.18768704674751355 139
1743365230724 0.18373682966425578 140
1743365303992 0.18603337374962775 141
1743365377460 0.20357024033295612 142
1743365451635 0.20230515830291732 143
1743365527942 0.19520354885633023 144
1743365602358 0.20538876684530644 145
1743365676695 0.18312882918683637 146
1743365750023 0.18153467499837914 147
1743365823382 0.161507094128429 148
1743365896985 0.18301406003921325 149
1743365970584 0.1988949091680881 150
1743366046367 0.18514544523252427 151
1743366119693 0.19084827141125574 152
1743366193112 0.21130763414051665 153
1743366266524 0.17887522551543777 154
1743366339494 0.22483685281962298 155
1743366411969 0.17561479871793273 156
1743366484360 0.20911110208730652 157
1743366557445 0.20778863621380064 158
1743366632690 0.22565023102407705 159
1743366704935 0.20513476167073855 160
1743366777739 0.19248718124081587 161
1743366850261 0.20358544801699383 162
1743366923740 0.20823166646860228 163
1743366996889 0.20199155555876824 164
1743367070269 0.22364444152266177 165
1743367145131 0.21729065151151988 166
1743367218455 0.21161472256447988 167
1743367291721 0.21982448648066444 168
1743367365060 0.2292451830891342 169
1743367438479 0.21978661708336825 170
1743367511844 0.2393593277874745 171
1743367588614 0.21005494328829172 172
1743367662369 0.216264305925581 173
1743367735359 0.1937963118001463 174
1743367808746 0.2049853310944725 175
1743367882126 0.21661404302403062 176
1743367955612 0.22738240146746982 177
1743368031339 0.21549935508509477 178
1743368102464 0.23439731881092657 179
1743368177534 0.22722474485173377 180
1743368250921 0.23328422269745966 181
1743368327450 0.2218961638255956 182
1743368401047 0.22089254639609768 183
1743368475583 0.21507463689850473 184
1743368548930 0.23122195670262274 185
1743368622933 0.22830252211721447 186
1743368697553 0.23571783536938526 187
1743368771800 0.2142868984330674 188
1743368849191 0.2075456922468968 189
1743368922615 0.2406213779472861 190
1743368996746 0.23532454047776188 191
1743369070802 0.20237613201650514 192
1743369145327 0.20726279081672186 193
1743369219802 0.20557841945932223 194
1743369294135 0.22616678853427016 195
1743369368078 0.2114733273507849 196
1743369442371 0.2386828674069726 197
1743369516801 0.2590252290284095 198
1743369591058 0.21254382147029224 199
