1743354927074 -2.2983971907691165 0
1743354999645 -0.926446001924028 1
1743355074880 -0.5941720407352062 2
1743355147271 -0.45880479248140843 3
1743355220639 -0.3492533211499824 4
1743355294127 -0.2610531369015467 5
1743355367731 -0.12259176993171543 6
1743355441707 -0.0830180982262959 7
1743355515894 -0.00864953754101575 8
1743355591952 0.022723174412512412 9
1743355665777 0.029505641281541102 10
1743355739651 0.02413358255259821 11
1743355813383 0.02421079401817522 12
1743355887402 0.025393665367880566 13
1743355962298 0.03380840222919589 14
1743356040797 0.03009466256223467 15
1743356116449 0.03223160272091145 16
1743356189190 0.034785940052037306 17
1743356265795 0.03864854294596035 18
1743356337840 0.04700252530532748 19
1743356413596 0.03710034484139583 20
1743356491356 0.047031414943398756 21
1743356567833 0.04924228346242394 22
1743356641424 0.04911347614318261 23
1743356717780 0.051307807843415244 24
1743356796374 0.04736054368780484 25
1743356872745 0.06265868245413932 26
1743356947178 0.0633488912341126 27
1743357023037 0.0543071910728288 28
1743357100420 0.06575948779696847 29
1743357178138 0.06247075482063389 30
1743357254229 0.05811620342431618 31
1743357329627 0.0770529012587291 32
1743357402592 0.07643942047769468 33
1743357476981 0.07734694499451186 34
1743357549526 0.08866045682073292 35
1743357622330 0.08649027434587821 36
1743357695134 0.09098610968742177 37
1743357767281 0.09755909817065231 38
1743357841365 0.0945315755181739 39
1743357913343 0.09295021899456059 40
1743357985965 0.09451657872390437 41
1743358058518 0.05724993728795855 42
1743358131080 0.09275343817682301 43
1743358203672 0.07031450088812524 44
1743358277852 0.11359467144687334 45
1743358350371 0.11054470166988663 46
1743358422753 0.09751959789841909 47
1743358495418 0.0822759177440389 48
1743358568130 0.09650884341241327 49
1743358640290 0.0989236859994593 50
1743358712618 0.09868804398370566 51
1743358785000 0.10984687448160586 52
1743358859965 0.10902945929953556 53
1743358932530 0.09507530075927187 54
1743359004845 0.1260230177350563 55
1743359077158 0.10771819547239107 56
1743359149889 0.10741497314389387 57
1743359222329 0.13810343699770963 58
1743359294917 0.12693380490034667 59
1743359367705 0.12267638326182051 60
1743359440213 0.1222094106822533 61
1743359512658 0.13805305443955612 62
1743359587835 0.13280156602342139 63
1743359660724 0.1511916138296027 64
1743359733043 0.1517133711539883 65
1743359805541 0.14745792410538158 66
1743359877786 0.14403716784721216 67
1743359950473 0.15445288096123633 68
1743360022990 0.16530190665873176 69
1743360095431 0.1518897752054557 70
1743360167957 0.1610593592884427 71
1743360240596 0.17643988525043183 72
1743360313522 0.16850006100717835 73
1743360388270 0.16768983311007515 74
1743360464722 0.18376660113181192 75
1743360541029 0.18006581338662786 76
1743360617852 0.19131627935748344 77
1743360691166 0.2011415963611981 78
1743360765299 0.18344852652271737 79
1743360837437 0.2006200347120636 80
1743360910413 0.20769143523668832 81
1743360983116 0.19502381547758157 82
1743361056807 0.20529023854245557 83
1743361129621 0.20225231237149793 84
1743361202187 0.22173515864363294 85
1743361277067 0.21164094900089775 86
1743361350137 0.22001958596529464 87
1743361422660 0.21917741660905501 88
1743361495150 0.2306680339747511 89
1743361567762 0.21561197467161752 90
1743361640403 0.23629044222840595 91
1743361712945 0.23870374067388947 92
1743361785329 0.23047640124473587 93
1743361859073 0.24759248525995656 94
1743361931464 0.25613913513580555 95
1743362007572 0.2437792551001719 96
1743362078934 0.26704441339500407 97
1743362150019 0.25143949871728266 98
1743362222250 0.2592124892651829 99
1743362296824 0.2663170668386518 100
1743362369430 0.25566938950706714 101
1743362441829 0.27973175717424936 102
1743362514018 0.261152284651541 103
1743362586526 0.28854745917941427 104
1743362658767 0.26854175605248237 105
1743362730831 0.2899186338479961 106
1743362803470 0.297303557212675 107
1743362876005 0.2748166821861713 108
1743362950993 0.2527893568701083 109
1743363024322 0.2862710523755382 110
1743363096543 0.2697689622477901 111
1743363168917 0.31238802561102663 112
1743363241482 0.28160821153698073 113
1743363313889 0.29210886105780093 114
1743363386264 0.2996651129963541 115
1743363459027 0.30613745124751524 116
1743363533676 0.3025835606546051 117
1743363606438 0.29359052284520515 118
1743363680084 0.31170812187525704 119
1743363753994 0.32569414919110734 120
1743363827906 0.3171050137529746 121
1743363902192 0.3050847359841159 122
1743363976436 0.32800657079124973 123
1743364049705 0.3310421704426732 124
1743364127392 0.30329804947561967 125
1743364201221 0.34220753434703144 126
1743364274778 0.3499892875266768 127
1743364348023 0.3238891508853845 128
1743364421673 0.34319177512686244 129
1743364495055 0.3176843019592801 130
1743364568617 0.34447137563925456 131
1743364641833 0.33775985076462156 132
1743364715168 0.338559689119051 133
1743364788503 0.34869887880301514 134
1743364865316 0.3259387214310757 135
1743364938993 0.35977945662542477 136
1743365012158 0.28567836188533735 137
1743365085346 0.3493325619348468 138
1743365158216 0.3464536024032282 139
1743365230724 0.3377914678101496 140
1743365303992 0.33960970821459635 141
1743365377460 0.35050325181721353 142
1743365451635 0.37142113309682495 143
1743365527942 0.35553173694480034 144
1743365602358 0.3420548379260623 145
1743365676695 0.34965705479893433 146
1743365750023 0.3463206130168083 147
1743365823382 0.35985633980528786 148
1743365896985 0.36872510946155074 149
1743365970584 0.3660447366543411 150
1743366046367 0.3417322861119513 151
1743366119693 0.3448103551861986 152
1743366193112 0.3491823528125452 153
1743366266524 0.32576360668929344 154
1743366339494 0.373058222710672 155
1743366411969 0.3455667396336179 156
1743366484360 0.3596070277685099 157
1743366557445 0.34828942488160114 158
1743366632690 0.37563733306927655 159
1743366704935 0.37194183454991786 160
1743366777739 0.37272099270262565 161
1743366850261 0.40043013222431106 162
1743366923740 0.38305651399934953 163
1743366996889 0.3649534868144484 164
1743367070269 0.38463629380019737 165
1743367145131 0.3847452681704875 166
1743367218455 0.38591974347567837 167
1743367291721 0.4033466124103514 168
1743367365060 0.3906370913929142 169
1743367438479 0.40331176999855506 170
1743367511844 0.39901653275209664 171
1743367588614 0.39265262521634037 172
1743367662369 0.37550181875375666 173
1743367735359 0.3625639858286181 174
1743367808746 0.3811099689118575 175
1743367882126 0.36407172620808476 176
1743367955612 0.37924496754006004 177
1743368031339 0.36605428028496656 178
1743368102464 0.3980813464750428 179
1743368177534 0.39482688151035866 180
1743368250921 0.3965683069052124 181
1743368327450 0.3703305946624771 182
1743368401047 0.38911206280437605 183
1743368475583 0.38293567182641364 184
1743368548930 0.38532526142133955 185
1743368622933 0.4028552609663943 186
1743368697553 0.3902279703856504 187
1743368771800 0.4013947700295453 188
1743368849191 0.3792159138868229 189
1743368922615 0.4123194545950574 190
1743368996746 0.3836985755775399 191
1743369070802 0.38935513576450037 192
1743369145327 0.3920720540816348 193
1743369219802 0.4005012502267247 194
1743369294135 0.40694320350198987 195
1743369368078 0.4023978812747774 196
1743369442371 0.4277946578053218 197
1743369516801 0.44449143910692407 198
1743369591058 0.41188212024242205 199
