1743354927074 0.004277052836479632 0
1743354999645 0.0020650726392168316 1
1743355074880 0.001984752988779813 2
1743355147271 0.0019432436115144251 3
1743355220639 0.0019061733208192916 4
1743355294127 0.0018817154569323402 5
1743355367731 0.001873451331874577 6
1743355441707 0.0018396505590819695 7
1743355515894 0.001848262193949789 8
1743355591952 0.0018474770049642694 9
1743355665777 0.0018487751106992104 10
1743355739651 0.001866059920993158 11
1743355813383 0.0018218865986893904 12
1743355887402 0.001848463651071257 13
1743355962298 0.0018522660392483084 14
1743356040797 0.001850291434919683 15
1743356116449 0.0018257865705853002 16
1743356189190 0.001841014213257606 17
1743356265795 0.0018389071928096245 18
1743356337840 0.0018292878006692403 19
1743356413596 0.0018473348349912443 20
1743356491356 0.0018348333104660122 21
1743356567833 0.0018386150927240537 22
1743356641424 0.0018449880901587332 23
1743356717780 0.0018374201189563773 24
1743356796374 0.001829001527048413 25
1743356872745 0.0018211321529144277 26
1743356947178 0.0018361656178827756 27
1743357023037 0.0018395625243705887 28
1743357100420 0.0018571445714744212 29
1743357178138 0.001834898181275914 30
1743357254229 0.0018554567526276973 31
1743357329627 0.0018191552567100348 32
1743357402592 0.0018538691529229128 33
1743357476981 0.0018543138830609933 34
1743357549526 0.001847012675736894 35
1743357622330 0.0018309615251210914 36
1743357695134 0.0018369675352615858 37
1743357767281 0.0018571517698896618 38
1743357841365 0.0018378037430583727 39
1743357913343 0.0018405974689965508 40
1743357985965 0.0018175574244648036 41
1743358058518 0.0018349624278798855 42
1743358131080 0.0018352386785892548 43
1743358203672 0.0018387541660902227 44
1743358277852 0.0018429481009203759 45
1743358350371 0.0018242205622592954 46
1743358422753 0.0018311599460821208 47
1743358495418 0.001832933056655086 48
1743358568130 0.001812957575458421 49
1743358640290 0.0018285686344354432 50
1743358712618 0.0018560249058015227 51
1743358785000 0.0018224436417303433 52
1743358859965 0.0018195432616508456 53
1743358932530 0.0018515381052311823 54
1743359004845 0.0018200391587651485 55
1743359077158 0.0018462460391203892 56
1743359149889 0.0018216092072319812 57
1743359222329 0.0018443908777260516 58
1743359294917 0.0018458568907857359 59
1743359367705 0.001841367814010921 60
1743359440213 0.0018226812899737924 61
1743359512658 0.0018327602808497247 62
1743359587835 0.0018423055603911359 63
1743359660724 0.0018661537087991365 64
1743359733043 0.001841509375245786 65
1743359805541 0.0018371427502935766 66
1743359877786 0.0018198175135579846 67
1743359950473 0.001839095531430395 68
1743360022990 0.0018491853298000678 69
1743360095431 0.0018581112930583735 70
1743360167957 0.00184426251701177 71
1743360240596 0.0018370548919351263 72
1743360313522 0.0018310095328052847 73
1743360388270 0.0018481076267626059 74
1743360464722 0.0018290747231820116 75
1743360541029 0.0018281828696754846 76
1743360617852 0.0018172954284248978 77
1743360691166 0.0018245368685908747 78
1743360765299 0.0018100734446783895 79
1743360837437 0.0018429595727141347 80
1743360910413 0.001834682927921193 81
1743360983116 0.001815575755435739 82
1743361056807 0.001826890046998103 83
1743361129621 0.0018364885891950526 84
1743361202187 0.0018321975342720956 85
1743361277067 0.001821239117835811 86
1743361350137 0.0018394106729981861 87
1743361422660 0.0018404578589394662 88
1743361495150 0.0018334828194644353 89
1743361567762 0.0018145929514414181 90
1743361640403 0.001815212531287184 91
1743361712945 0.001841912634257175 92
1743361785329 0.0018162927262638077 93
1743361859073 0.0018424066276146243 94
1743361931464 0.0018380910583113978 95
1743362007572 0.0018141168685405274 96
1743362078934 0.0018232497854737916 97
1743362150019 0.0018264905611049852 98
1743362222250 0.0018155209797880631 99
1743362296824 0.0018275094398059655 100
1743362369430 0.0018564190007697373 101
1743362441829 0.001851035905000591 102
1743362514018 0.001840484565265568 103
1743362586526 0.0018261440205745972 104
1743362658767 0.0018436748243809736 105
1743362730831 0.0018252452591823259 106
1743362803470 0.0018140853706656115 107
1743362876005 0.0018290368365075022 108
1743362950993 0.0018251976905996306 109
1743363024322 0.0018219865438889816 110
1743363096543 0.0018261181008660111 111
1743363168917 0.0018047037755442015 112
1743363241482 0.0018302937517743689 113
1743363313889 0.0018397188548835554 114
1743363386264 0.0018322341892236544 115
1743363459027 0.001851426687423739 116
1743363533676 0.0018310845122099496 117
1743363606438 0.001820295685421923 118
1743363680084 0.001810424905180788 119
1743363753994 0.0018192600085191637 120
1743363827906 0.0018131390044634993 121
1743363902192 0.0018308414294876132 122
1743363976436 0.0018271996997462885 123
1743364049705 0.0018155438647608736 124
1743364127392 0.0018363667581184813 125
1743364201221 0.0018213978877789309 126
1743364274778 0.0018285416498930044 127
1743364348023 0.0018332822761625391 128
1743364421673 0.0018192207948728042 129
1743364495055 0.0018120564543153649 130
1743364568617 0.0018116464047494077 131
1743364641833 0.0018054782378347264 132
1743364715168 0.001827596036320018 133
1743364788503 0.0018253668424692917 134
1743364865316 0.0018309831673806937 135
1743364938993 0.0018275905015041492 136
1743365012158 0.0018044631460916016 137
1743365085346 0.0018271818128984317 138
1743365158216 0.0018241702134466984 139
1743365230724 0.0018025147454374326 140
1743365303992 0.0018091257342049475 141
1743365377460 0.001816511046307461 142
1743365451635 0.0018106246663426812 143
1743365527942 0.0018418366227859072 144
1743365602358 0.001820032274386344 145
1743365676695 0.0018206054293485423 146
1743365750023 0.0018235834022752705 147
1743365823382 0.0018234000845740621 148
1743365896985 0.0018224112998443441 149
1743365970584 0.0017910974895601142 150
1743366046367 0.001836000306497595 151
1743366119693 0.0018171558692486357 152
1743366193112 0.0018321170310418194 153
1743366266524 0.0018348862637661502 154
1743366339494 0.001821925325711564 155
1743366411969 0.001825922330185263 156
1743366484360 0.0018022149309542003 157
1743366557445 0.001826246585831261 158
1743366632690 0.0017979499565232285 159
1743366704935 0.0018392516720561324 160
1743366777739 0.001836187599415702 161
1743366850261 0.0018162528593076875 162
1743366923740 0.0018430976109608513 163
1743366996889 0.0018280190035091857 164
1743367070269 0.0018342065132773396 165
1743367145131 0.0018104226171719627 166
1743367218455 0.001826810862395222 167
1743367291721 0.0018156727621660704 168
1743367365060 0.0018157772428821772 169
1743367438479 0.0018074981578449895 170
1743367511844 0.0018081051155833618 171
1743367588614 0.0018270892859192343 172
1743367662369 0.0018067877445373216 173
1743367735359 0.0018272909606070994 174
1743367808746 0.0018441827627472007 175
1743367882126 0.0018347319774411073 176
1743367955612 0.001801119046570681 177
1743368031339 0.001841959093739702 178
1743368102464 0.0018263966452828576 179
1743368177534 0.00182877012920872 180
1743368250921 0.0018108840218714237 181
1743368327450 0.001802626491070015 182
1743368401047 0.0017818097461509955 183
1743368475583 0.001811096933181886 184
1743368548930 0.0018282246741733246 185
1743368622933 0.001832192067840052 186
1743368697553 0.001819723367551016 187
1743368771800 0.001815435251504365 188
1743368849191 0.0018229794768303946 189
1743368922615 0.0018317097229345774 190
1743368996746 0.0018213311952320612 191
1743369070802 0.0017917406923541395 192
1743369145327 0.001838433124992827 193
1743369219802 0.0018131414559015263 194
1743369294135 0.0017882353716555956 195
1743369368078 0.001834671520644317 196
1743369442371 0.001814221439010405 197
1743369516801 0.001822863424594117 198
1743369591058 0.0018240724251869336 199
